Metrics/EpRet,Metrics/EpCost,Metrics/EpLen,Train/Epoch,Train/TotalSteps,Train/StopIter,Train/KL,Train/LR,Loss/Loss_reward_critic,Loss/Loss_cost_critic,Loss/Loss_actor,Time/Rollout,Time/Update,Time/Total,Value/RewardAdv,Value/CostAdv
-683.3854369138536,0.0,1000.0,1,20000,40,0.011941635981202126,0.00029939999999999996,23.00253297479008,0.0021323715267592192,-0.01354329489727918,18.53806495666504,93.8967502117157,112.43481755256653,-2.0980834847250662e-08,-1.40666955861235e-09
-666.1165125500606,0.03165921670868232,1000.0,2,40000,40,0.01392650231719017,0.00029879999999999994,32.094014515892006,0.00043406025253070707,-0.015240925864968152,18.859164476394653,91.97011494636536,110.82928109169006,-9.765624753299562e-08,-6.198883073516015e-10
-638.7570024261548,0.021033114969652454,1000.0,3,60000,40,0.016764279454946518,0.00029819999999999993,21.546225793026508,3.671626574742868e-06,-0.019437593861353606,19.276657104492188,91.98707628250122,111.26373481750488,-4.730224389959403e-08,-1.5579163514800598e-09
-603.1932155556241,0.011000000000000001,1000.0,4,80000,40,0.01893298700451851,0.0002975999999999999,30.728509479589736,2.5156420007807463e-06,-0.021717555870892653,18.39607334136963,91.14345526695251,109.53953003883362,-4.425048771850015e-08,-3.747641919016331e-10
-560.4550459162551,0.0,1000.0,5,100000,26,0.020512286573648453,0.0002969999999999999,22.108096141315965,1.7454240630428603e-06,-0.021073070731042396,17.925384044647217,60.343231439590454,78.26861715316772,-2.3651121949797016e-08,4.94439156284443e-10
-518.188923772968,0.0,1000.0,6,120000,29,0.02102784998714924,0.0002963999999999999,30.790373089529677,1.21618066521335e-06,-0.02145396423175926,18.057119369506836,66.61162066459656,84.66874122619629,3.05175760217935e-08,1.672655347562113e-10
-476.43143579807156,0.0,1000.0,7,140000,20,0.021180586889386177,0.00029579999999999987,25.289322116199774,8.462411418980347e-07,-0.02053402420297003,17.69999599456787,47.16745352745056,64.86745119094849,9.155272984173735e-09,6.724149015369107e-11
-448.4011416368136,0.0,1000.0,8,160000,22,0.022403743118047714,0.0002951999999999999,25.18614990545711,5.842488440400017e-07,-0.020823581971732872,18.32471489906311,51.17730736732483,69.50202488899231,-1.2207030941624453e-08,2.687796929468078e-10
-414.88744956165783,0.0,1000.0,9,180000,17,0.02005348540842533,0.0002945999999999999,18.093322640723514,4.09282540209003e-07,-0.019234848332382547,19.212089776992798,39.04131078720093,58.25340151786804,3.051757735406113e-09,-2.672430055028485e-10
-372.9761988829497,0.0,1000.0,10,200000,17,0.02144847810268402,0.0002939999999999999,14.378039607023123,2.832549937128592e-07,-0.021021470512139033,18.140066146850586,39.24308729171753,57.38315534591675,7.629394005448376e-09,-1.3723037983748299e-10
-333.6329171348763,0.0,1000.0,11,220000,17,0.020094653591513634,0.00029339999999999987,14.29014856379365,1.9637558232000137e-07,-0.022461000071714927,18.919772386550903,38.37168073654175,57.291455030441284,1.831054596834747e-08,5.564652211242915e-11
-297.0073364950805,0.0,1000.0,12,240000,16,0.02024080418050289,0.0002927999999999999,15.33879127298681,1.3791723651232074e-07,-0.02179496694086923,18.26756715774536,37.51564955711365,55.78321814537048,0.0,1.0561197749670015e-10
-254.96109725642964,0.0,1000.0,13,260000,17,0.020871609449386597,0.0002921999999999999,17.80947483054141,9.541421538505342e-08,-0.021064068963588423,18.554359674453735,38.916380167007446,57.470741510391235,-1.5258788677030566e-09,-1.4486722932360863e-10
-215.8676599010493,0.0,1000.0,14,280000,18,0.020380327478051186,0.0002915999999999999,16.148386760768545,6.752897599003467e-08,-0.02140470392034013,18.84555149078369,42.17418932914734,61.01974368095398,1.1444091230217168e-09,1.2991949530083424e-11
-177.3195778399069,0.0,1000.0,15,300000,13,0.020077960565686226,0.00029099999999999986,19.417021867536917,4.878176018592796e-08,-0.02097315371378022,18.120981216430664,29.952316284179688,48.073299169540405,5.7983395862493126e-08,-7.124617302373126e-12
-139.5488094681335,0.04000000000000001,1000.0,16,320000,18,0.020703958347439766,0.00029039999999999985,17.444601268602426,0.0016833996414856544,-0.021287743424114672,18.435887575149536,41.75338268280029,60.1892728805542,3.204345588869728e-08,2.622604355906333e-10
-103.824144610448,0.04999999999999999,1000.0,17,340000,14,0.022610409185290337,0.00028979999999999983,18.394733101632813,0.0016761178391180944,-0.0200079422310634,19.136017322540283,33.3900671005249,52.526087284088135,1.907348590179936e-08,4.768371461572052e-11
-63.461615339948274,0.07600000000000001,1000.0,18,360000,11,0.02062365971505642,0.0002891999999999998,21.880647215287837,0.00043201011819256265,-0.018797416608935347,18.281322240829468,27.194348573684692,45.47567343711853,4.1198727984692596e-08,9.536742923144104e-11
-17.70730554360069,0.07200000000000002,1000.0,19,380000,9,0.021395651623606682,0.0002885999999999998,25.69773315020728,0.0004382326195082048,-0.01593903819727885,19.5467631816864,22.084416151046753,41.63118076324463,-1.2207030941624453e-08,4.768371461572052e-11
32.52209974236156,0.044000000000000004,1000.0,20,400000,10,0.021161839365959167,0.00028799999999999984,21.30853109085522,2.1407927744046568e-08,-0.013996313337962658,18.69488835334778,22.542482614517212,41.2373743057251,3.05175760217935e-08,5.8114527079489164e-11
66.15461810381538,0.09600000000000002,1000.0,21,420000,9,0.0212240107357502,0.00028739999999999983,25.47849833123177,0.0029598715390879195,-0.015889989604752273,18.85216212272644,22.009847164154053,40.86201095581055,3.662109193669494e-08,-3.8146971692576415e-10
102.98250732073413,0.15100000000000002,1000.0,22,440000,9,0.02252681739628315,0.0002867999999999998,21.86881791237698,0.0065795898562050975,-0.014952237364056794,19.734545707702637,22.26138138771057,41.99592876434326,4.882812376649781e-08,0.0
153.61580685821497,0.325,1000.0,23,460000,8,0.020773591473698616,0.0002861999999999998,24.653626311701327,0.005517628059586229,-0.01347284122986106,18.719812154769897,18.02225089073181,36.74206614494324,-2.4414061883248905e-08,1.4305114870438729e-09
218.5327278819259,0.48100000000000015,1000.0,24,480000,9,0.020082613453269005,0.0002855999999999998,28.915446357605177,0.010304677727658999,-0.014823660261421222,19.62015724182129,21.86780309677124,41.48796272277832,6.866454782539222e-08,5.722045615108584e-10
283.219635978243,0.7109999999999999,1000.0,25,500000,2,0.023379549384117126,0.00028499999999999977,30.67816420028004,0.010793481397040552,-0.00033395933493162496,19.140395402908325,5.0189197063446045,24.159316778182983,2.9754637864698452e-08,1.1444091230217168e-09
332.37972351343694,0.8949999999999999,1000.0,26,520000,8,0.021615805104374886,0.00028439999999999976,33.47510913119149,0.014166192938576157,-0.013167858396034939,18.667807817459106,18.84003448486328,37.50784349441528,5.035400363340159e-08,7.629394338515283e-10
374.13143415923435,1.046,1000.0,27,540000,5,0.020537609234452248,0.00028379999999999974,35.7931567597313,0.008728576267302519,-0.006956920686502235,19.339940309524536,11.724255084991455,31.064197301864624,-1.831054596834747e-08,1.9073485846288207e-10
420.5437369642185,1.598,1000.0,28,560000,4,0.022927910089492798,0.00028319999999999973,36.254711332412576,0.04287310030676585,-0.006688016447083899,18.710424661636353,9.178427696228027,27.888854026794434,-2.6702879907247734e-08,2.2888182460434336e-09
471.4833962146291,2.3240000000000003,1000.0,29,580000,7,0.02017008326947689,0.0002825999999999997,34.14389113692158,0.04983065892676158,-0.012060906575879635,19.81267523765564,16.619754791259766,36.43243169784546,-4.3487546008691425e-08,8.583068700218632e-10
511.26585533136665,3.073,1000.0,30,600000,4,0.023392636328935623,0.0002819999999999997,31.80937460664743,0.03695134502763417,-0.006305978780749222,18.071779012680054,9.992958068847656,28.064738988876343,4.1198727984692596e-08,-4.768371253405235e-10
544.9011913569731,3.429,1000.0,31,620000,10,0.021149171516299248,0.00028139999999999974,41.48030413484421,0.08796032415182231,-0.015127645955144311,19.73351764678955,23.525394678115845,43.25891399383545,5.607604691704182e-08,4.577636492086867e-09
595.5723996774403,4.1659999999999995,1000.0,32,640000,3,0.023118138313293457,0.0002807999999999997,45.419541012618744,0.07083452026596783,-0.0020182079380661787,19.162023782730103,7.2248101234436035,26.38683557510376,-2.1362303925798187e-08,1.907348501362094e-09
689.3091719111786,5.466,1000.0,33,660000,7,0.02044365555047989,0.0002801999999999997,57.070014897028315,0.1352532640114828,-0.01120739841526812,16.621537685394287,17.432865142822266,34.05440425872803,6.103515470812226e-09,3.814697002724188e-09
757.4136408830173,6.45,1000.0,34,680000,4,0.020838918164372444,0.0002795999999999997,55.0477830518168,0.11317573125941303,-0.005913214229892333,19.4936580657959,9.478171586990356,28.971831798553467,1.0681151962899094e-08,1.5258788677030566e-09
843.9871020315986,8.64,1000.0,35,700000,4,0.027464916929602623,0.0002789999999999997,64.92173681167749,0.3154256559206179,-0.004503339022463455,20.05701470375061,9.170146226882935,29.227163314819336,-2.2888182460434336e-09,2.6702879907247734e-09
969.2467033945375,13.623000000000001,1000.0,36,720000,4,0.02005087211728096,0.00027839999999999967,74.48880933268002,0.42469281824037863,-0.005949116374452274,18.96752166748047,8.888750314712524,27.856273889541626,9.155272984173735e-09,-2.784728891924715e-08
1077.3857116986794,18.641,1000.0,37,740000,2,0.02165885455906391,0.00027779999999999965,71.42606436634978,0.46978960041040047,0.00039937872493181367,19.098467350006104,4.837326526641846,23.9357967376709,4.959106192359286e-08,2.8610228852699038e-08
1144.7484540520995,22.375999999999998,1000.0,38,760000,3,0.021178169175982475,0.00027719999999999964,81.04514497385239,0.544567178819761,-0.0019568837474916562,19.10234022140503,7.048182725906372,26.150525331497192,1.5258788677030566e-09,1.525878801089675e-08
1201.7386104551847,25.601999999999997,1000.0,39,780000,1,0.02217353694140911,0.0002765999999999996,86.33003634614305,0.6183516282243089,0.005525512951084029,19.459179162979126,2.251375913619995,21.710557222366333,3.128051773160223e-08,1.3732909920349812e-08
1268.2941135058622,29.165,1000.0,40,800000,5,0.020891057327389717,0.0002759999999999996,79.34291479336187,0.6663164625533473,-0.0059675551950931546,19.65008044242859,11.66201901435852,31.312101125717163,2.9754637864698452e-08,2.4414061883248905e-08
1298.0695559422186,32.608,1000.0,41,820000,5,0.02241257205605507,0.0002753999999999996,86.41816897651258,0.7444165842220806,-0.004784393026686895,16.675765991210938,11.778220176696777,28.453988075256348,-8.77380390562621e-09,1.3351439953623867e-08
1342.469069165223,37.127,1000.0,42,840000,1,0.020912373438477516,0.0002747999999999996,87.09533662765551,0.9747082589152521,0.009234778178385653,19.68424129486084,2.2733261585235596,21.957568645477295,1.0681151962899094e-08,1.1825560974898508e-08
1410.5119486991282,44.141,1000.0,43,860000,6,0.02327132411301136,0.0002741999999999996,101.9459477385012,1.15605635855335,-0.0062811956532632775,19.439624309539795,14.85926604270935,34.298893213272095,1.0681151962899094e-08,1.9836425835251248e-08
1466.081284399188,50.28,1000.0,44,880000,1,0.024195272475481033,0.0002735999999999996,84.82895998604381,1.6480241772084951,0.007114691936527007,19.85279393196106,2.2835800647735596,22.13637661933899,1.831054596834747e-08,1.2207030941624453e-08
1523.7734579057533,58.459,1000.0,45,900000,2,0.024407731369137764,0.00027299999999999964,83.72212774685016,1.9055751136507089,0.002352995610537049,17.178041458129883,4.8214271068573,21.999470233917236,-3.509521562250484e-08,5.9509275729396904e-08
1593.6830795185285,66.27399999999999,1000.0,46,920000,2,0.02032734639942646,0.00027239999999999963,106.87095854762264,1.9730694644367353,0.0038764680253740506,19.873693227767944,5.2035603523254395,25.077256202697754,-7.820129432900558e-09,0.0
1660.3291560852704,76.67200000000001,1000.0,47,940000,1,0.022309713065624237,0.0002717999999999996,86.03725660037689,2.4155515851304172,0.007265927064747285,19.874431610107422,2.3700010776519775,22.24443531036377,2.2888183792701966e-08,3.051757735406113e-09
1722.5021405450236,86.864,1000.0,48,960000,1,0.02518884278833866,0.0002711999999999996,94.35628838584827,3.0497212771790476,0.006064110744994479,19.9187114238739,2.425145149230957,22.343858242034912,9.155272984173735e-09,3.9672851670502496e-08
1781.9753569609115,100.36100000000002,1000.0,49,980000,1,0.023950738832354546,0.00027059999999999964,103.51728740363075,2.9866006008733197,0.01167912450961221,20.502866506576538,2.4048497676849365,22.907719373703003,2.4414061883248905e-08,-1.5640258865801115e-08
1810.7739941695552,107.97999999999999,1000.0,50,1000000,3,0.023023607209324837,0.0002699999999999996,95.92060768972443,3.28579469801138,-0.0003654572823113654,17.047654151916504,7.266492605209351,24.314149618148804,4.3487546008691425e-08,2.2888183792701966e-08
1832.730252042294,114.50900000000001,1000.0,51,1020000,2,0.024902496486902237,0.0002693999999999996,102.51909436356907,3.5701958080069325,0.003531352925551728,20.491684675216675,4.9748921394348145,25.46657919883728,-1.2969969986897922e-08,3.662109193669494e-08
1884.6980577588995,128.695,1000.0,52,1040000,1,0.021376866847276688,0.0002687999999999996,91.46148236795736,4.373069833261898,0.012265259658876128,18.81715154647827,2.737968921661377,21.55512285232544,1.2969969986897922e-08,-3.662109193669494e-08
1935.8815050380933,139.489,1000.0,53,1060000,1,0.02190312184393406,0.0002681999999999996,98.43196220519825,4.7172706614668,0.009497339852130452,19.608866453170776,2.3825464248657227,21.99141550064087,-2.8991697931246563e-08,-3.051757735406113e-09
1983.8002397413813,150.886,1000.0,54,1080000,1,0.03429315611720085,0.00026759999999999957,86.003505761631,4.670498139561174,0.009175983184692673,19.691175937652588,2.346311092376709,22.037490367889404,2.2888183792701966e-08,1.083374030486084e-07
1996.5995982039306,157.84999999999997,1000.0,55,1100000,1,0.021219568327069283,0.00026699999999999955,99.92545550775985,4.926613030723109,0.00909581115415778,18.497673749923706,2.4366400241851807,20.9343159198761,6.256103546320446e-08,1.1062621929625038e-08
2041.4392025364552,170.425,1000.0,56,1120000,1,0.020409593358635902,0.00026639999999999954,97.20964115496261,4.658471949184284,0.008469948152336069,18.934508085250854,2.3793411254882812,21.31385087966919,1.602172794434864e-08,5.111694179049664e-08
2040.6856550230727,176.676,1000.0,57,1140000,2,0.024023158475756645,0.0002657999999999995,101.02350814197771,5.555850423182162,0.003836771998459253,19.591872692108154,4.612676382064819,24.20455050468445,2.5939939973795845e-08,-7.324218387338988e-08
2091.3854806329027,191.903,1000.0,58,1160000,1,0.023647427558898926,0.0002651999999999995,91.94016958120913,5.299135197465793,0.009705330257098705,20.011435985565186,2.31209659576416,22.323535442352295,-4.577636492086867e-09,-6.1035152043587e-08
2119.2517017173477,203.36100000000002,1000.0,59,1180000,1,0.03304747864603996,0.0002645999999999995,106.80643893963993,6.59614123094577,0.007304156568056098,19.057764530181885,2.215108871459961,21.272875547409058,0.0,3.814697180359872e-08
2124.2323846576137,210.29299999999998,1000.0,60,1200000,2,0.02233985625207424,0.0002639999999999995,101.0945478780582,6.757523769768663,0.004374574297092879,16.966904878616333,5.459455251693726,22.426361799240112,7.629394005448376e-09,3.9672851670502496e-08
2159.243859863372,225.205,1000.0,61,1220000,1,0.020153719931840897,0.00026339999999999946,115.11651649109471,6.987700809685948,0.011846792300978598,18.75222897529602,2.5590057373046875,21.311236143112183,-7.629394005448376e-09,5.7220457705398076e-08
2260.472752012911,254.01899999999995,1000.0,62,1240000,1,0.02447989210486412,0.00026279999999999945,99.91561547788187,7.779132554325432,0.01554465826493673,19.564831256866455,2.233325958251953,21.798158884048462,7.629394338515283e-10,-5.6457519548303026e-08
2338.895943967278,278.70500000000004,1000.0,63,1260000,1,0.023486938327550888,0.00026219999999999943,105.99183481112837,7.500963949166929,0.009664690020842293,18.727497100830078,2.6698997020721436,21.397399187088013,3.128051773160223e-08,-7.934570334100499e-08
2383.474888186432,296.02500000000003,1000.0,64,1280000,1,0.021081609651446342,0.0002615999999999994,98.32131914742077,8.736967179721917,0.011139684172269826,19.199713945388794,2.6751468181610107,21.874862909317017,2.8991697931246563e-08,0.0
2430.9126893655816,315.61400000000003,1000.0,65,1300000,1,0.023021912202239037,0.0002609999999999994,106.32562399062867,9.404013914041245,0.010718476321821968,17.756033420562744,2.185969829559326,19.942005157470703,-2.5177001816700795e-08,3.05175760217935e-08
2431.5111209856505,326.13400000000007,1000.0,66,1320000,4,0.021658452227711678,0.0002603999999999994,91.74563081272113,9.370531097768595,-0.002813317637426404,19.769172191619873,8.974225044250488,28.74339985847473,-1.7929076889799944e-08,9.155272984173735e-09
2424.630608478311,334.63,1000.0,67,1340000,1,0.020450670272111893,0.0002597999999999994,111.20736466429103,11.201017176381315,0.010687104756601703,19.57512640953064,2.3738458156585693,21.948974132537842,3.509521562250484e-08,1.831054596834747e-08
2422.437229303664,344.93,1000.0,68,1360000,1,0.028040794655680656,0.00025919999999999936,141.67653490255435,12.131128624986156,0.013439695764416323,19.632364511489868,2.5232837200164795,22.155650854110718,-2.2888182460434336e-09,-6.103515470812226e-09
2491.746077003582,369.50399999999996,1000.0,69,1380000,1,0.024198045954108238,0.0002585999999999994,94.26827579412978,10.441096182448415,0.011043278699794327,18.540218353271484,2.3586037158966064,20.89882493019104,2.7465819840699623e-08,-7.324218387338988e-08
2565.5247712150094,393.49100000000004,1000.0,70,1400000,1,0.026722246780991554,0.0002579999999999994,123.45244211434556,11.548715655415203,0.010668964754528226,17.123366355895996,2.327122211456299,19.450490713119507,6.103515470812226e-09,1.22070304087174e-07
2600.5788831770406,403.8449999999999,1000.0,71,1420000,1,0.02415011264383793,0.00025739999999999937,103.39072124493389,12.055897237393802,0.011431650327036556,20.0138201713562,2.4062178134918213,22.42004108428955,1.2207030941624453e-08,-1.2207030941624453e-08
2604.3909260164946,404.56399999999996,1000.0,72,1440000,1,0.04449034109711647,0.00025679999999999936,126.10821573421978,14.688315824197884,0.009654990452439926,18.991706132888794,2.4942843914031982,21.485992431640625,1.2207030941624453e-08,2.4414061883248905e-08
2602.6292123026165,409.097,1000.0,73,1460000,1,0.030769383534789085,0.00025619999999999934,106.77988641635298,14.52646005191742,0.016493462270107895,19.852843284606934,2.1694188117980957,22.022263765335083,1.0681151962899094e-08,1.1596679172498625e-07
2627.668325468784,425.84800000000007,1000.0,74,1480000,1,0.020316103473305702,0.00025559999999999933,80.38325873426736,13.306350441405568,0.013175378705318362,20.301918268203735,2.1865932941436768,22.488513231277466,-1.1062621929625038e-08,-1.678466787780053e-08
2687.551208281767,452.2900000000001,1000.0,75,1500000,1,0.044328443706035614,0.0002549999999999993,103.04683424489566,11.24176219020027,0.011499584536440075,17.480077266693115,2.489609479904175,19.96968936920166,4.577636492086867e-09,3.05175760217935e-08
2701.644153105889,462.75100000000003,1000.0,76,1520000,1,0.023486169055104256,0.0002543999999999993,109.85525073334813,19.730535796656014,0.009313686105151908,19.08423399925232,2.472207546234131,21.55644416809082,-6.103515470812226e-09,1.4038086249001935e-07
2708.867709243411,468.40599999999995,1000.0,77,1540000,1,0.02229967527091503,0.0002537999999999993,104.62554505077033,16.716591891389303,0.009349253302374587,19.315748691558838,2.3560197353363037,21.67177152633667,-1.907348590179936e-08,9.765624753299562e-08
2724.5312709917353,478.00100000000003,1000.0,78,1560000,3,0.02331036701798439,0.00025319999999999927,97.40850285498605,15.399504141558728,0.0012933798987295427,19.74746870994568,7.195513963699341,26.942984580993652,2.1362303925798187e-08,3.05175760217935e-08
2769.796502560252,498.80300000000005,1000.0,79,1580000,1,0.026175659149885178,0.00025259999999999926,146.15074255215094,20.952143198385027,0.008287881965192553,20.066842317581177,2.070911169052124,22.137755155563354,1.1444091230217168e-09,4.2724607851596375e-08
2807.566813060794,515.9669999999999,1000.0,80,1600000,1,0.021003538742661476,0.00025199999999999924,128.83799122088251,17.638364790346674,0.008002903731986167,18.794344902038574,2.332550048828125,21.12689781188965,1.0681151962899094e-08,6.1035152043587e-08
2838.1948929900573,527.035,1000.0,81,1620000,1,0.026827586814761162,0.0002513999999999992,90.76799228168524,15.038636663089544,0.008480988477115719,19.396207094192505,2.419337034225464,21.815545320510864,1.5258788677030566e-09,5.187987994759169e-08
2856.2781128136767,534.6020000000001,1000.0,82,1640000,1,0.023627230897545815,0.0002507999999999992,114.37674356649478,17.388880155337887,0.009492885157727777,20.14315414428711,2.53853440284729,22.681690216064453,2.2888182460434336e-09,-7.781981992138753e-08
2868.5241875941547,541.909,1000.0,83,1660000,1,0.021055856719613075,0.00025019999999999925,105.51018600951369,16.99798560066345,0.010066026366485384,19.032123565673828,2.4318158626556396,21.4639413356781,2.2888183792701966e-08,6.103515470812226e-09
2862.6083208245354,544.4590000000001,1000.0,84,1680000,2,0.027402127161622047,0.00024959999999999924,113.62979168023546,21.553743007464913,0.001856987375748186,18.839965343475342,4.842966794967651,23.682934522628784,2.1362303925798187e-08,1.1901855145879381e-07
2863.6649964422854,550.633,1000.0,85,1700000,1,0.027006125077605247,0.0002489999999999992,137.12287891863252,19.019431036501267,0.009725960522009351,16.753769397735596,2.7203423976898193,19.47411346435547,4.1961669694501325e-09,4.577636758540393e-08
2881.7650447543115,558.9129999999999,1000.0,86,1720000,1,0.02610974945127964,0.0002483999999999992,123.06013005533919,16.487874742514027,0.020201867558627417,19.39086604118347,2.4672040939331055,21.858073472976685,1.2207030941624453e-08,-2.7465819840699623e-08
2955.059563902005,585.3330000000001,1000.0,87,1740000,1,0.026103267446160316,0.0002477999999999992,92.21620672427046,17.931634788695998,0.010880776063595622,19.765196084976196,2.554476499557495,22.31967520713806,1.9836425835251248e-08,8.85009754370003e-08
2998.572587904615,606.798,1000.0,88,1760000,1,0.04190632700920105,0.0002471999999999992,70.57722763817151,17.527035659875352,0.011239291710285143,19.317198991775513,2.50527286529541,21.822473764419556,3.051757735406113e-09,-6.103515470812226e-09
3032.9284938688497,624.72,1000.0,89,1780000,1,0.02950882725417614,0.00024659999999999916,133.473857325106,20.1580488674176,0.007501439408610423,20.29198145866394,2.2962281703948975,22.58821129798889,7.247924482811641e-09,1.831054596834747e-08
3049.100619139433,635.4890000000001,1000.0,90,1800000,1,0.02628479152917862,0.00024599999999999915,67.39957008727443,15.806644805323202,0.014431468773478517,17.865766763687134,2.4744598865509033,20.340229511260986,-1.0681151962899094e-08,1.2207030941624453e-08
3077.1557146013197,648.818,1000.0,91,1820000,1,0.03376443311572075,0.00024539999999999913,125.95334039633266,18.891231434794662,0.008176254307904755,17.987818717956543,2.7779057025909424,20.76572608947754,1.3732909920349812e-08,6.256103546320446e-08
3095.4730356916225,656.434,1000.0,92,1840000,1,0.02530527487397194,0.0002447999999999992,108.29980892876085,16.66663282443159,0.010146414908690574,19.12661576271057,2.448176145553589,21.574794054031372,-3.8146971692576415e-10,1.1901855145879381e-07
3108.6243583823416,661.6439999999999,1000.0,93,1860000,1,0.022276820614933968,0.00024419999999999916,133.7925732402375,15.772345920721182,0.012986665258344752,20.459225177764893,2.281451463699341,22.740679025650024,-1.4877318932349226e-08,6.408691177739456e-08
3127.4882128663508,669.498,1000.0,94,1880000,1,0.0222574844956398,0.00024359999999999917,67.49647457988118,17.658080133005452,0.015397559175975978,19.289206504821777,2.4547369480133057,21.743946313858032,9.155272984173735e-09,7.934570334100499e-08
3146.9802245465926,678.335,1000.0,95,1900000,2,0.022858288139104843,0.00024299999999999916,128.10428602931597,14.442616970394367,0.0025579160475097716,17.404696464538574,4.500924587249756,21.905622720718384,8.77380390562621e-09,1.2207030941624453e-08
3128.468669284745,676.7480000000002,1000.0,96,1920000,1,0.029585210606455803,0.00024239999999999917,119.33251616139762,21.76644936308693,0.010667766265856762,19.29866313934326,2.2286009788513184,21.527266263961792,1.9454954980346884e-08,6.713867151120212e-08
3124.5190122660424,680.283,1000.0,97,1940000,3,0.023565713316202164,0.00024179999999999918,167.64102214695419,17.117937805553595,2.9450508590323475e-05,19.057673454284668,7.114237546920776,26.171912908554077,-1.5258788677030566e-09,-4.2724607851596375e-08
3186.974723099584,701.5229999999999,1000.0,98,1960000,1,0.04028648883104324,0.00024119999999999917,140.91710223481297,24.623845167434254,0.009747162065543115,19.365132331848145,2.492554187774658,21.857688188552856,1.0299681996173149e-08,3.662109193669494e-08
3243.9868503747607,722.5500000000002,1000.0,99,1980000,1,0.05127444490790367,0.00024059999999999915,123.68064987011992,21.647324335079986,0.015723869439583427,19.33253574371338,2.5329577922821045,21.865495920181274,0.0,4.577636758540393e-08
3302.440340408432,744.4259999999998,1000.0,100,2000000,1,0.03836653754115105,0.00023999999999999917,108.50433601891271,17.431074362593336,0.019627588454443522,17.318487644195557,2.418605327606201,19.737095832824707,7.629394338515283e-10,5.493163968139925e-08
3338.4313766467917,759.6899999999999,1000.0,101,2020000,1,0.03713380917906761,0.00023939999999999918,186.766286423412,20.377726941824722,0.007883150675021612,19.440821170806885,2.334926128387451,21.775749683380127,0.0,-7.629394360719743e-08
3369.7170977080873,769.9950000000001,1000.0,102,2040000,1,0.04035259410738945,0.0002387999999999992,95.15081804171919,12.025542460310573,0.015050704504687566,19.18374538421631,2.1956183910369873,21.37936496734619,-1.0681151962899094e-08,2.7465819840699623e-08
3396.744870794667,780.8199999999999,1000.0,103,2060000,1,0.029150860384106636,0.0002381999999999992,84.20844651487307,12.124863722073004,0.012096994452345104,19.519865036010742,2.5789482593536377,22.09881591796875,3.051757735406113e-09,-4.425048771850015e-08
3405.0102932119066,783.9590000000001,1000.0,104,2080000,1,0.025841644033789635,0.00023759999999999922,201.4663180695555,17.822618150863402,0.00793869045530312,19.523645639419556,2.209916353225708,21.73356318473816,1.2969969986897922e-08,1.525878801089675e-08
3409.6905354817973,787.042,1000.0,105,2100000,1,0.02873404137790203,0.00023699999999999923,169.94724978120945,17.01099468420108,0.010672663769925745,17.950291395187378,2.3694214820861816,20.319714546203613,1.0681151962899094e-08,-4.1198727984692596e-08
3416.6635648482306,788.0919999999999,1000.0,106,2120000,1,0.02084340527653694,0.00023639999999999921,194.81272319025888,17.31012418780464,0.005210487625766962,18.951545238494873,3.0458874702453613,21.997434377670288,0.0,0.0
3390.0346258243444,780.9689999999999,1000.0,107,2140000,2,0.03136669844388962,0.00023579999999999923,141.7422715056057,21.558929878301896,0.007692689941928219,18.022541761398315,4.760228633880615,22.782772064208984,-1.1444091896350983e-08,-9.155272984173735e-09
3388.9041360107876,782.382,1000.0,108,2160000,1,0.03102531097829342,0.00023519999999999924,122.39525443372635,13.59209048252898,0.012403842900841,19.432271718978882,2.380143165588379,21.81241774559021,2.2888182460434336e-09,0.0
3417.031994220778,792.385,1000.0,109,2180000,1,0.030376940965652466,0.00023459999999999925,151.38811743373688,15.721015214158323,0.011242138769346686,20.074795246124268,2.1552517414093018,22.230048418045044,6.103515470812226e-09,1.2207030941624453e-08
3513.024570312966,819.4689999999998,1000.0,110,2200000,1,0.049545567482709885,0.00023399999999999924,132.9696897561558,8.577706007150034,0.014919169157886276,18.66836380958557,2.30035662651062,20.96872305870056,0.0,9.765624753299562e-08
3532.650924631842,825.141,1000.0,111,2220000,1,0.027928117662668228,0.00023339999999999925,211.26814880614845,20.70189769047137,0.008232954187324634,19.051218509674072,2.320990562438965,21.37221050262451,7.057189943537878e-09,2.1362303925798187e-08
3558.697460598059,831.0949999999999,1000.0,112,2240000,1,0.03156564384698868,0.00023279999999999923,202.31368445740722,11.43842053261047,0.017936805941569156,18.991402864456177,2.184410572052002,21.17581558227539,7.629394338515283e-10,2.2888183792701966e-08
3578.8059458065118,834.091,1000.0,113,2260000,1,0.027315696701407433,0.00023219999999999925,165.68111991882324,18.342665897771575,0.00917831147773959,20.093011617660522,2.599632501602173,22.692646503448486,-9.53674250681047e-10,2.8991697931246563e-08
3594.4157382859457,837.7970000000001,1000.0,114,2280000,1,0.03820057958364487,0.00023159999999999926,75.83962934695113,14.92524517686984,0.016002828659959875,18.54537343978882,2.6478073596954346,21.193182229995728,2.3651121949797016e-08,7.629394005448376e-09
3577.2995103813673,832.792,1000.0,115,2300000,1,0.026612944900989532,0.00023099999999999927,196.3555423322196,20.265038626643417,0.007712463181787215,18.725240230560303,2.0569732189178467,20.782214879989624,7.629394005448376e-09,3.662109193669494e-08
3563.924995957713,827.448,1000.0,116,2320000,1,0.07493863999843597,0.00023039999999999928,157.4768606557633,13.423776173363098,0.008016819223618736,19.55428671836853,2.2299697399139404,21.784258604049683,-3.051757735406113e-09,-1.2207030941624453e-08
3561.449705529173,826.3979999999999,1000.0,117,2340000,1,0.03689144551753998,0.0002297999999999993,124.18263111175439,17.295006714689848,0.011710694863106877,18.976339101791382,2.261688709259033,21.238029718399048,1.525878801089675e-08,3.05175760217935e-08
3590.7441130931156,834.769,1000.0,118,2360000,1,0.024127373471856117,0.00022919999999999928,121.70628133901772,15.59939523588735,0.011552225854902412,19.490331649780273,2.555969476699829,22.04630398750305,-1.602172794434864e-08,1.1444091896350983e-08
3626.6557748284445,845.491,1000.0,119,2380000,1,0.028682878240942955,0.0002285999999999993,94.66802647624154,11.54149282968844,0.012514430327346912,19.211153030395508,2.38915753364563,21.600311994552612,0.0,6.256103546320446e-08
3650.379165559743,853.8480000000002,1000.0,120,2400000,1,0.03132360056042671,0.0002279999999999993,100.24389920219446,23.117200944370357,0.012704026724655216,17.888566970825195,2.1342403888702393,20.02280902862549,1.9836425835251248e-08,-1.831054596834747e-08
3676.5836659967113,863.3340000000001,1000.0,121,2420000,1,0.026559773832559586,0.00022739999999999932,65.28612782170597,9.004043004383295,0.012035895945331731,17.858799695968628,2.5311226844787598,20.389923572540283,-1.5258788677030566e-09,2.0599363992346298e-08
3701.5797293437818,871.357,1000.0,122,2440000,1,0.02489067241549492,0.0002267999999999993,102.30154677320974,10.634532601688617,0.010740244002364124,19.380878686904907,2.400287389755249,21.78116798400879,-1.2207030941624453e-08,1.5258788677030566e-09
3733.429262906152,879.8709999999999,1000.0,123,2460000,1,0.026008471846580505,0.0002261999999999993,141.46763182448123,11.979712074937911,0.008496564131575271,19.20364284515381,2.6823513507843018,21.885995864868164,-1.5258788677030566e-09,-3.051757735406113e-09
3741.7489828307107,883.0710000000001,1000.0,124,2480000,1,0.024526100605726242,0.00022559999999999928,104.96807707765232,7.764005188363048,0.011681927598643893,19.03079080581665,2.6187286376953125,21.64952254295349,8.392333938900265e-09,-3.051757735406113e-09
3746.986555004817,883.0130000000001,1000.0,125,2500000,1,0.03427964821457863,0.0002249999999999993,50.57374392987821,6.9325800947487926,0.01769533762619042,18.69323205947876,2.1663241386413574,20.859557628631592,3.9672851670502496e-08,5.6457519548303026e-08
3762.968096422399,885.3209999999999,1000.0,126,2520000,1,0.02451559156179428,0.00022439999999999927,154.9335060485255,12.26864796400832,0.006758506951359705,17.99911856651306,2.494490623474121,20.493610382080078,-5.912780487449254e-09,0.0
3770.1157965577127,888.052,1000.0,127,2540000,2,0.03159959614276886,0.0002237999999999993,151.18593940186423,8.136419440991581,0.004350377047380891,19.576245546340942,4.7109668254852295,24.28721523284912,8.392333938900265e-09,9.155272984173735e-09
3765.127467724741,888.092,1000.0,128,2560000,2,0.03231869265437126,0.0002231999999999993,103.90482401924011,10.661964225502441,0.007461856484573822,19.20452380180359,4.979182004928589,24.183707237243652,2.1743773004345712e-08,4.2724607851596375e-08
3782.8618875246843,893.7869999999999,1000.0,129,2580000,2,0.02065117657184601,0.0002225999999999993,170.1436297048014,12.050194363243664,0.004629873974135699,19.24092698097229,4.437388181686401,23.678316831588745,3.051757735406113e-09,2.4414061883248905e-08
3833.3174868814604,906.1890000000001,1000.0,130,2600000,1,0.025876594707369804,0.0002219999999999993,90.54005322136437,7.846234865653249,0.013544372452524142,18.449747800827026,2.0711159706115723,20.520865440368652,1.525878801089675e-08,4.2724607851596375e-08
3808.752500858768,897.3449999999999,1000.0,131,2620000,1,0.024439306929707527,0.0002213999999999993,124.37775881221881,12.68947888296633,0.009473996588025993,19.209485054016113,2.403193950653076,21.61268639564514,-1.5258788677030566e-09,9.155272984173735e-09
3783.851135590253,887.0809999999999,1000.0,132,2640000,1,0.03306596726179123,0.0002207999999999993,135.26850150720762,17.531221157826554,0.01143779377408397,19.56712055206299,2.389723539352417,21.95684576034546,5.340575981449547e-09,1.2207030941624453e-08
3773.337605949914,882.891,1000.0,133,2660000,1,0.06513418257236481,0.0002201999999999993,111.85824720242533,6.434854932105579,0.014299389215918204,20.1193687915802,2.3820464611053467,22.5014169216156,-3.051757735406113e-09,3.05175760217935e-08
3841.8202640432946,898.125,1000.0,134,2680000,1,0.021319374442100525,0.0002195999999999993,303.9509913654754,12.28821616907851,0.008277320837119993,20.505693674087524,2.468714952468872,22.974411249160767,0.0,3.05175760217935e-08
3911.661473481226,914.8069999999998,1000.0,135,2700000,1,0.02518095076084137,0.0002189999999999993,141.55341952144147,6.8028537181619635,0.010878273311216897,18.081254243850708,2.1088216304779053,20.190077304840088,-6.103515470812226e-09,0.0
3931.405558396468,920.61,1000.0,136,2720000,1,0.023148968815803528,0.00021839999999999932,138.9701638937758,11.711464045718074,0.008408881232927972,18.043330430984497,2.5695102214813232,20.612842559814453,8.392333938900265e-09,1.2207030941624453e-08
3944.944554156448,921.5799999999999,1000.0,137,2740000,1,0.03852977231144905,0.00021779999999999933,102.7585271341732,4.819693319523297,0.015940292363468642,20.06312918663025,2.3405065536499023,22.403637886047363,1.3732909920349812e-08,2.2888183792701966e-08
3962.8240060562953,923.2169999999999,1000.0,138,2760000,1,0.03365625441074371,0.00021719999999999932,105.77463334665512,3.6283248506795864,0.01846078867181993,19.779542207717896,2.278801202774048,22.058344841003418,-6.866454960174906e-09,2.1362303925798187e-08
3978.6463718060754,924.948,1000.0,139,2780000,1,0.024527687579393387,0.0002165999999999993,82.34732670525011,5.642003379119471,0.013137295422629236,19.821298599243164,2.384429454803467,22.20573091506958,1.5258788677030566e-09,6.103515470812226e-09
3978.3490814454103,925.32,1000.0,140,2800000,1,0.03622099384665489,0.00021599999999999931,111.4452755291241,3.0836102017960227,0.010886933553380707,18.461310386657715,2.143980026245117,20.605292558670044,-9.918212917625624e-09,8.201598511448083e-09
3986.9242591288776,925.5320000000002,1000.0,141,2820000,1,0.028961604461073875,0.00021539999999999933,74.46053150896066,4.6160647238786225,0.016643936686313,17.892733097076416,2.4642364978790283,20.356971502304077,-7.629394005448376e-09,0.0
3992.359433981064,925.55,1000.0,142,2840000,1,0.0271785706281662,0.00021479999999999934,111.81152346796883,9.793977061018776,0.009691139708418912,19.794276475906372,2.397629976272583,22.191909313201904,9.059905714536853e-09,-9.155272984173735e-09
3985.563540426557,922.216,1000.0,143,2860000,1,0.026857061311602592,0.00021419999999999932,87.84349553044231,6.543819679238926,0.014258634181508717,19.33610510826111,2.48917293548584,21.825280904769897,2.2888182460434336e-09,-3.051757735406113e-09
4004.9343646918196,925.14,1000.0,144,2880000,1,0.026326173916459084,0.00021359999999999934,134.2169943708962,10.520980890566548,0.007859094903027764,20.287389755249023,2.172450542449951,22.459843635559082,-3.051757735406113e-09,2.4414061883248905e-08
4028.5296601576288,930.5130000000001,1000.0,145,2900000,2,0.02442679926753044,0.00021299999999999935,78.10093128947786,2.8656865197439165,0.009773377149095075,19.56452226638794,4.229107618331909,23.793631553649902,-9.155272984173735e-09,1.525878801089675e-08
4039.1584361401465,935.372,1000.0,146,2920000,1,0.020052118226885796,0.00021239999999999936,175.27166916844183,6.371620862438275,0.0038743832062322872,18.220614433288574,2.399657964706421,20.620274543762207,-2.2888182460434336e-09,1.525878801089675e-08
4055.464259412779,939.4530000000001,1000.0,147,2940000,1,0.034208744764328,0.00021179999999999935,74.68238981082416,5.352009161973533,0.019797074153257634,19.08571195602417,2.632106304168701,21.717819690704346,-6.484984993448961e-09,9.53674295089968e-09
4084.6563526835916,942.734,1000.0,148,2960000,1,0.022180015221238136,0.00021119999999999933,123.20480234554401,5.993417639701892,0.009323665339606829,19.639006853103638,2.518702983856201,22.15771245956421,5.7220459481754915e-09,-9.155272984173735e-09
4095.982103910376,943.4099999999999,1000.0,149,2980000,1,0.024291308596730232,0.00021059999999999935,124.34393249913907,4.168960422372666,0.005970037493188255,19.526732921600342,2.304851531982422,21.831587314605713,0.0,6.103515470812226e-09
4100.933873820392,944.0930000000001,1000.0,150,3000000,1,0.02482675202190876,0.00020999999999999936,74.09939714133168,8.23044338317725,0.012774812093319984,19.31489372253418,2.3008835315704346,21.615778923034668,-7.629394338515283e-10,0.0
4114.447179778844,945.4970000000001,1000.0,151,3020000,1,0.03162229433655739,0.00020939999999999934,153.71106601142273,3.9385373394329326,0.01165232584237481,17.70996379852295,2.2720980644226074,19.982063055038452,-1.0681151962899094e-08,9.155272984173735e-09
4124.856945797792,946.93,1000.0,152,3040000,1,0.03859593719244003,0.00020879999999999936,58.20538125936977,3.155247158421495,0.017146946540989052,19.44160747528076,2.141327142715454,21.58293652534485,3.051757735406113e-09,9.155272984173735e-09
4136.970903040893,947.5219999999999,1000.0,153,3060000,1,0.02053290233016014,0.00020819999999999934,114.46722655555311,6.071774951566142,0.00585688735409,19.518893718719482,2.3997483253479004,21.918644905090332,1.907348501362094e-09,6.103515470812226e-09
4135.939165249098,946.6859999999999,1000.0,154,3080000,1,0.030220158398151398,0.00020759999999999933,153.2066851606765,2.8984164965038484,0.008695376382325403,19.23576045036316,2.6209192276000977,21.85668134689331,3.051757735406113e-09,-7.629394338515283e-10
4115.091021425014,939.847,1000.0,155,3100000,3,0.024713672697544098,0.0002069999999999993,144.66191591825475,7.300115541972545,0.0018934425352393185,19.35823655128479,7.2667152881622314,26.624954223632812,-3.814697002724188e-09,-1.2207030941624453e-08
4085.3050239679515,931.1460000000001,1000.0,156,3120000,1,0.030582277104258537,0.00020639999999999932,138.98863948419833,4.702532567916967,0.010062624032374103,17.33574104309082,2.3585569858551025,19.694300413131714,1.5258788677030566e-09,-3.051757735406113e-09
4104.413867533737,932.0320000000002,1000.0,157,3140000,1,0.05700121447443962,0.00020579999999999934,100.79512829521593,3.6263727947545887,0.019139583099085967,19.667914867401123,2.5042097568511963,22.172125816345215,-1.2207030941624453e-08,1.4495848965623281e-08
4170.41636479518,944.2850000000002,1000.0,158,3160000,1,0.022988049313426018,0.00020519999999999935,137.5695348867593,2.2192138144002556,0.006285262767213602,18.11294388771057,2.5374755859375,20.650420665740967,-4.959106458812812e-09,2.2888182460434336e-09
4198.187387131628,949.4609999999999,1000.0,159,3180000,1,0.03058469109237194,0.00020459999999999936,143.6958094770535,1.6303655206204983,0.006457395652255502,19.932342529296875,2.43869686126709,22.371042728424072,3.051757735406113e-09,9.155272984173735e-09
4206.94119486865,951.124,1000.0,160,3200000,1,0.03580821305513382,0.00020399999999999937,102.07663803892775,2.40933885865699,0.0117223432478004,19.76828622817993,2.384488105773926,22.15277600288391,1.5258788677030566e-09,7.629394005448376e-09
4216.9541061629625,952.3429999999998,1000.0,161,3220000,1,0.02356693707406521,0.0002033999999999994,137.8134224986116,3.490217004435512,0.00701950701138082,17.967108011245728,2.3463590145111084,20.31346893310547,4.577636492086867e-09,9.155272984173735e-09
4212.297500018578,949.54,1000.0,162,3240000,1,0.0234926026314497,0.00020279999999999937,131.97890654006324,5.585780064614055,0.006965250461198651,18.799321174621582,2.4957594871520996,21.295082569122314,-7.629394005448376e-09,6.103515470812226e-09
4215.745948729513,948.8960000000001,1000.0,163,3260000,2,0.026243792846798897,0.00020219999999999936,137.52224926293468,4.945052778711334,0.0036799573018170962,18.546350955963135,4.830736398696899,23.377089738845825,6.866454960174906e-09,0.0
4234.197457224632,951.774,1000.0,164,3280000,2,0.03069588914513588,0.00020159999999999937,163.41331378491924,2.109699457883835,0.004721374090272969,18.563114404678345,4.804138422012329,23.367254495620728,7.629394338515283e-10,-6.103515470812226e-09
4275.986139924689,956.451,1000.0,165,3300000,1,0.034066300839185715,0.00020099999999999938,110.95879808249184,3.5390952563704774,0.010870236088149845,19.380972385406494,2.4917261600494385,21.872700452804565,-1.0299681996173149e-08,6.103515470812226e-09
4298.470065204245,957.3430000000001,1000.0,166,3320000,1,0.021731674671173096,0.00020039999999999937,157.99040172808466,2.474829493144069,0.00862321501282362,17.94878840446472,2.168191432952881,20.116981506347656,3.051757735406113e-09,7.247924482811641e-09
4312.985935200954,958.3579999999998,1000.0,167,3340000,1,0.03215237334370613,0.00019979999999999938,143.69378606656107,2.853824955205948,0.010947795327419576,19.824273586273193,2.3235392570495605,22.147814750671387,0.0,6.103515470812226e-09
4329.109892519932,960.722,1000.0,168,3360000,1,0.03724151477217674,0.00019919999999999937,40.204078710879,1.5432545320865827,0.025838150324436805,19.570878267288208,2.4235475063323975,21.99442720413208,-2.2888183792701966e-08,7.247924482811641e-09
4338.5043510240375,961.646,1000.0,169,3380000,1,0.034422822296619415,0.00019859999999999935,209.0635973043716,1.7546429913074444,0.011463334203694766,18.762388467788696,2.669956922531128,21.432347297668457,-2.2888182460434336e-09,3.051757735406113e-09
4350.282697336709,962.9979999999998,1000.0,170,3400000,1,0.024803118780255318,0.00019799999999999936,79.24102262795543,1.598532387814202,0.013319017436986153,19.81339979171753,2.606499433517456,22.419901609420776,3.814697002724188e-09,-6.103515470812226e-09
4362.936279719487,964.0579999999998,1000.0,171,3420000,2,0.02694728411734104,0.00019739999999999935,160.00784415101853,1.7175053561362215,0.005142488288499725,18.160869598388672,4.351625919342041,22.512498140335083,5.340575981449547e-09,-2.479553229406406e-09
4378.329562236657,964.6220000000001,1000.0,172,3440000,1,0.04122867435216904,0.00019679999999999936,35.7813435850052,0.9329214987282555,0.025780611424543225,18.625890493392944,2.3788983821868896,21.00479030609131,1.3923644459623574e-08,4.577636492086867e-09
4392.296823925122,965.628,1000.0,173,3460000,1,0.020720595493912697,0.00019619999999999938,107.08069964643485,0.812815835491156,0.006550818232420725,19.33856701850891,2.6742262840270996,22.01279616355896,9.155272984173735e-09,3.814697002724188e-09
4402.004028967808,966.3530000000001,1000.0,174,3480000,1,0.03351837024092674,0.00019559999999999936,116.04544652993687,1.4660056885629416,0.012161347747277527,19.62656259536743,2.2800047397613525,21.906570434570312,0.0,-9.155272984173735e-09
4414.202550157406,966.1610000000001,1000.0,175,3500000,1,0.04292383790016174,0.00019499999999999937,76.44084360043462,2.2002837549383267,0.010707873254478835,19.622339487075806,2.2145187854766846,21.836860179901123,3.814697002724188e-09,-5.340575981449547e-09
4419.729601090721,966.2080000000002,1000.0,176,3520000,1,0.021381117403507233,0.00019439999999999939,66.28506721094394,1.2227662925522167,0.008189517351539848,18.20514941215515,2.4830403327941895,20.688191413879395,1.602172794434864e-08,1.5258788677030566e-09
4435.008944071814,966.7300000000001,1000.0,177,3540000,1,0.023118628188967705,0.0001937999999999994,67.6565331468186,1.1508706228230328,0.012872823761008418,18.22964382171631,2.5041282176971436,20.733773946762085,1.0681151962899094e-08,3.051757735406113e-09
4435.845128584596,966.3100000000001,1000.0,178,3560000,1,0.02360375225543976,0.00019319999999999938,107.52507731404167,0.9028672365525279,0.005052205907127347,19.47444748878479,2.441596746444702,21.91604733467102,4.577636492086867e-09,3.051757735406113e-09
4431.619793814111,965.608,1000.0,179,3580000,1,0.02553270012140274,0.0001925999999999994,34.89827209082655,0.6744034051323851,0.020447169356167125,18.3689706325531,2.4528799057006836,20.82185196876526,6.103515470812226e-09,-1.5258788677030566e-09
4426.307689603291,963.1509999999998,1000.0,180,3600000,1,0.03862711414694786,0.0001919999999999994,147.99117627616127,4.092828833923553,0.004486482844839748,19.946706771850586,2.1963095664978027,22.14301896095276,3.051757735406113e-09,3.051757735406113e-09
4440.67467996622,963.327,1000.0,181,3620000,1,0.02209543250501156,0.0001913999999999994,147.60048455552172,3.6953226608780625,0.006092080297454382,19.86328434944153,2.182515859603882,22.045802116394043,-6.103515470812226e-09,-3.051757735406113e-09
4456.98768141795,965.2520000000002,1000.0,182,3640000,1,0.02001038007438183,0.00019079999999999938,231.75008598912638,5.11603234246516,0.004773676406574278,18.304537057876587,2.1908271312713623,20.4953670501709,-4.577636492086867e-09,-9.155272984173735e-09
4464.789572154817,967.6709999999999,1000.0,183,3660000,1,0.05258466675877571,0.0001901999999999994,52.403083807363295,1.117161315470077,0.018982223928355562,20.01421546936035,2.559051990509033,22.573270559310913,-3.051757735406113e-09,-4.577636492086867e-09
4467.246706022418,967.7030000000001,1000.0,184,3680000,2,0.023408768698573112,0.0001895999999999994,76.97340677188227,1.5337784866365,0.007672287924691273,19.870133638381958,4.645740747451782,24.51587677001953,0.0,0.0
4480.750411344738,967.9640000000002,1000.0,185,3700000,1,0.026901356875896454,0.0001889999999999994,99.74065237685133,0.932369132677968,0.009418329650970598,20.292566776275635,2.453969717025757,22.74653959274292,7.629394338515283e-10,3.051757735406113e-09
4496.087924728011,968.2239999999998,1000.0,186,3720000,1,0.0411696694791317,0.0001883999999999994,47.18387506259516,0.735711359749206,0.01461619206260854,18.828138828277588,2.700436592102051,21.528576850891113,-1.2207030941624453e-08,1.1444091230217168e-09
4499.342743520227,968.3870000000001,1000.0,187,3740000,1,0.023090785369277,0.00018779999999999941,67.06929882037373,0.9054464298886613,0.012822570460744368,17.917021989822388,2.888566493988037,20.805591344833374,1.3351439953623867e-08,0.0
4490.716253784417,967.9219999999999,1000.0,188,3760000,1,0.04465296119451523,0.0001871999999999994,79.68042782548898,0.702586659989037,0.012649320500394025,19.036466121673584,2.4069740772247314,21.44344139099121,-1.1444091230217168e-09,-1.907348501362094e-09
4494.881569444209,967.818,1000.0,189,3780000,1,0.027904747053980827,0.0001865999999999994,90.44428480471285,0.8180634565056323,0.005255634753634564,19.88697075843811,2.411635637283325,22.29860806465149,-1.5258788677030566e-09,0.0
4512.210062864846,968.9300000000001,1000.0,190,3800000,1,0.062377624213695526,0.00018599999999999943,28.23108339157348,0.5416127449978655,0.026671191980949225,18.67591667175293,2.60941743850708,21.285335540771484,4.577636492086867e-09,1.5258788677030566e-09
4485.118694351288,962.6919999999998,1000.0,191,3820000,2,0.022500643506646156,0.00018539999999999944,189.5492440641117,3.6078909706002986,0.0017757758233374872,18.683849334716797,4.909748792648315,23.593599796295166,-1.907348501362094e-09,-1.5258788677030566e-09
4449.413641873327,956.2950000000001,1000.0,192,3840000,1,0.026288988068699837,0.00018479999999999945,170.48328371017504,2.882032609880923,0.004602257787181547,18.627875089645386,2.335658550262451,20.96353530883789,-3.2424924967244806e-09,-5.340575981449547e-09
4452.523670301078,955.8870000000001,1000.0,193,3860000,1,0.03460932523012161,0.00018419999999999944,120.79524334855735,2.7764064509647723,0.010704755185011286,18.462698936462402,2.5192956924438477,20.981996059417725,0.0,-1.5258788677030566e-09
4525.137991516267,968.117,1000.0,194,3880000,1,0.020790617913007736,0.00018359999999999945,165.08327686748567,0.7140877391583622,0.007649918339741877,19.02092218399048,2.7350351810455322,21.755958795547485,0.0,1.1444091230217168e-09
4530.7042360243095,968.9959999999999,1000.0,195,3900000,1,0.0453110970556736,0.00018299999999999946,77.17817237963692,1.0710061576229315,0.02124512239029042,19.31591486930847,2.366791009902954,21.682708740234375,6.866454960174906e-09,0.0
4527.894279486388,969.418,1000.0,196,3920000,2,0.023734526708722115,0.00018239999999999947,228.21408404024265,3.8449352627840288,0.003003669952521452,19.460976600646973,4.121544599533081,23.58252263069153,2.6702879907247734e-09,3.051757735406113e-09
4541.358685504334,969.374,1000.0,197,3940000,1,0.029433488845825195,0.00018179999999999949,207.7169872198623,2.2807048629648006,0.01005972689166427,19.006941318511963,2.285447597503662,21.292391300201416,7.629394338515283e-10,-6.103515470812226e-09
4502.311058228047,958.4609999999999,1000.0,198,3960000,1,0.02300655096769333,0.00018119999999999947,118.93294615334216,3.7598198183809224,0.006880300919921063,18.985453367233276,2.5611000061035156,21.546555042266846,0.0,1.5258788677030566e-09
4464.31490150327,950.7950000000001,1000.0,199,3980000,1,0.03747279942035675,0.00018059999999999946,139.87794926676887,2.0585877841082625,0.009399548351479034,19.667975664138794,2.119767665863037,21.787744998931885,4.577636492086867e-09,-6.103515470812226e-09
4471.977985974209,952.0469999999999,1000.0,200,4000000,1,0.0387570783495903,0.00017999999999999944,49.28158895352397,1.3502541695730375,0.020953176705279766,19.08575677871704,2.424534797668457,21.51029324531555,-7.629394005448376e-09,1.907348501362094e-09
4550.874821178229,966.7800000000001,1000.0,201,4020000,1,0.02080138586461544,0.00017939999999999945,198.08529982399256,3.6041327268361285,0.00785596033605857,19.937441110610962,2.431504249572754,22.36894726753235,-2.2888182460434336e-09,9.155272984173735e-09
4493.953861927633,951.9779999999998,1000.0,202,4040000,1,0.02356119267642498,0.00017879999999999947,191.9916409379758,1.6870716775949008,0.007608639390264361,18.276049375534058,2.5573182106018066,20.833370447158813,7.629394338515283e-10,-1.5258788677030566e-09
4501.789096844687,952.4679999999998,1000.0,203,4060000,1,0.027512280270457268,0.00017819999999999945,141.41459253573188,0.9411771756391556,0.00816042714576704,19.450061082839966,2.1591951847076416,21.60925793647766,-4.577636492086867e-09,0.0
4563.145535357345,963.3299999999999,1000.0,204,4080000,1,0.04105684533715248,0.00017759999999999947,100.80881751611972,0.9927257486044789,0.0069232993259335665,19.137958526611328,2.434346914291382,21.572307109832764,7.629394338515283e-10,-1.5258788677030566e-09
4596.832721258311,970.198,1000.0,205,4100000,1,0.05212998390197754,0.00017699999999999945,44.5884668941315,0.8219077361467928,0.029487234332000675,18.8986177444458,2.2232515811920166,21.12187147140503,-2.2888182460434336e-09,-2.1934509764065524e-09
4592.854344316173,969.4680000000001,1000.0,206,4120000,1,0.034418296068906784,0.00017639999999999946,82.16075056277144,1.2865696774123194,0.012369866444232365,19.38521671295166,2.28633713722229,21.671555280685425,3.814697002724188e-09,2.6702879907247734e-09
4591.24257127929,969.3949999999999,1000.0,207,4140000,2,0.036470867693424225,0.00017579999999999948,79.29152461743584,1.3379045116444366,0.009026459575937198,18.497058629989624,4.618567705154419,23.115628004074097,-3.051757735406113e-09,-4.577636492086867e-09
4555.495681802598,960.0829999999999,1000.0,208,4160000,2,0.026881176978349686,0.00017519999999999946,267.8553395652162,3.7791831143938315,0.0020800839660290523,19.894451379776,4.6171793937683105,24.511633157730103,-3.051757735406113e-09,-3.051757735406113e-09
4536.804367398581,953.9799999999999,1000.0,209,4180000,1,0.021260803565382957,0.00017459999999999947,131.80953012411587,1.3207371046367926,0.006899236990049624,19.325689792633057,2.454854965209961,21.78054690361023,1.1444091230217168e-09,7.629394338515283e-10
4556.625859086491,955.9960000000001,1000.0,210,4200000,1,0.039520133286714554,0.00017399999999999949,80.43257811732185,1.6751415824737792,0.02102276536014181,18.618744134902954,2.1222715377807617,20.74101758003235,8.392333938900265e-09,-4.1961669694501325e-09
4630.981750454414,970.8310000000001,1000.0,211,4220000,1,0.059156522154808044,0.0001733999999999995,50.68869542618529,0.9276990821948067,0.017710956194387457,19.50580334663391,2.358410596847534,21.864216804504395,1.525878801089675e-08,-1.5258788677030566e-09
4637.398673631951,971.058,1000.0,212,4240000,1,0.03244747966527939,0.00017279999999999948,79.50855547018325,1.2050481004455982,0.013393251732670175,17.446114778518677,2.3814163208007812,19.827532529830933,6.103515470812226e-09,0.0
4649.372143799823,971.6060000000001,1000.0,213,4260000,1,0.02186558209359646,0.0001721999999999995,133.93826735133942,0.8342837680833408,0.002969105515224389,19.46532654762268,2.66158390045166,22.126912355422974,-1.5258788677030566e-09,0.0
4652.929461263337,971.1759999999998,1000.0,214,4280000,1,0.029271645471453667,0.0001715999999999995,61.64555501785522,0.9932141410657012,0.014148402155731052,18.66007924079895,2.3673248291015625,21.027405977249146,-9.155272984173735e-09,1.5258788677030566e-09
4658.098379808571,970.6850000000001,1000.0,215,4300000,1,0.02617579884827137,0.0001709999999999995,130.0733268969356,0.9582680888450184,0.005695389878278533,19.042245388031006,2.30908465385437,21.351333141326904,-3.051757735406113e-09,2.479553229406406e-09
4671.584288345404,971.441,1000.0,216,4320000,1,0.05050324648618698,0.0001703999999999995,86.06247501251416,0.6614984961363454,0.013480756668367991,18.717113256454468,2.470876932144165,21.187991857528687,4.577636492086867e-09,-7.629394338515283e-10
4672.858369096352,971.909,1000.0,217,4340000,1,0.028766825795173645,0.00016979999999999952,37.557590576025625,0.52882967694118,0.018553856206825748,18.192806482315063,2.0464026927948,20.23921251296997,3.051757735406113e-09,-7.629394338515283e-10
4667.149671478801,971.859,1000.0,218,4360000,2,0.022186966612935066,0.0001691999999999995,137.51056884424375,0.4394412711976816,0.002463793565040103,19.88004732131958,4.277236223220825,24.157285451889038,-3.051757735406113e-09,-5.340575981449547e-09
4665.567531310921,972.701,1000.0,219,4380000,1,0.035904284566640854,0.00016859999999999952,55.120949467911885,0.5802450732301219,0.01365247912133654,19.54386830329895,2.4272801876068115,21.97115135192871,-3.814697002724188e-09,-2.2888182460434336e-09
4659.056794700902,971.6169999999998,1000.0,220,4400000,3,0.04129524901509285,0.00016799999999999953,117.5227991638346,2.4936166943960423,0.0015689343525467716,20.091604471206665,6.884174823760986,26.975780963897705,-4.577636492086867e-09,-3.051757735406113e-09
4637.968044637821,966.8330000000002,1000.0,221,4420000,1,0.03792346268892288,0.00016739999999999954,63.586709056037684,4.973881548966843,0.016287723447556218,19.708988189697266,2.326186180114746,22.035176038742065,2.2888182460434336e-09,-3.814697002724188e-09
4654.482312898839,966.8170000000002,1000.0,222,4440000,1,0.048921797424554825,0.00016679999999999953,74.9639238016293,2.801614437049951,0.018976463141818396,17.064982414245605,2.4820756912231445,19.547059535980225,1.3732909920349812e-08,-6.103515470812226e-09
4695.306346529475,971.506,1000.0,223,4460000,2,0.025414923205971718,0.00016619999999999954,189.37247978307948,4.947268830177883,0.002977823134148702,19.11954927444458,4.616478204727173,23.73603057861328,0.0,-1.1444091896350983e-08
4714.508446384756,973.2430000000002,1000.0,224,4480000,1,0.04153667017817497,0.00016559999999999953,106.31991474468487,1.7955831757749612,0.011802130381758221,19.606350421905518,2.596566677093506,22.202918767929077,-3.051757735406113e-09,0.0
4728.213665104204,973.1289999999999,1000.0,225,4500000,1,0.029757646843791008,0.00016499999999999954,52.438239572908934,0.8606204608568369,0.012384243437443107,18.02180790901184,2.5447044372558594,20.56651520729065,1.0681151962899094e-08,4.386901952813105e-09
4745.7369021951845,973.3830000000002,1000.0,226,4520000,1,0.03151019662618637,0.00016439999999999952,69.55712459795772,0.6127895842344997,0.014744906921308643,19.330445051193237,2.3252882957458496,21.655735969543457,0.0,9.155272984173735e-09
4748.08255450796,972.927,1000.0,227,4540000,1,0.021215593442320824,0.0001637999999999995,66.81181894552212,0.7109147186477345,0.008249948427569086,17.63296627998352,2.1610307693481445,19.79399871826172,4.577636492086867e-09,6.103515470812226e-09
4746.5973595291825,972.7459999999998,1000.0,228,4560000,1,0.02310859225690365,0.00016319999999999952,121.03721782574638,0.8247269363449024,0.004378778961138984,20.05565595626831,2.4160215854644775,22.47167944908142,-6.866454960174906e-09,-3.8146971692576415e-10
4741.305563378982,972.8489999999999,1000.0,229,4580000,1,0.03170524537563324,0.00016259999999999953,98.62289117928891,0.4491046094856323,0.011799652673922979,19.268805027008057,2.442903518676758,21.711711406707764,6.103515470812226e-09,0.0
4745.135550356406,972.8149999999999,1000.0,230,4600000,2,0.021504858508706093,0.00016199999999999955,161.03826579346824,1.0271354375270227,0.004787503928392412,19.799955129623413,4.477684497833252,24.277642726898193,-2.2888182460434336e-09,1.5258788677030566e-09
4750.283948266735,972.9470000000001,1000.0,231,4620000,1,0.026645280420780182,0.00016139999999999956,45.16799244865442,0.42527107232675765,0.0233156224028371,19.22478485107422,2.3790783882141113,21.603864908218384,3.051757735406113e-09,-3.051757735406113e-09
4761.872321513866,973.3960000000001,1000.0,232,4640000,1,0.03168874233961105,0.00016079999999999957,45.89129565546688,0.34946897616401645,0.018095770916238,16.69240117073059,2.4499733448028564,19.142377138137817,-2.2888182460434336e-09,3.051757735406113e-09
4769.927308699433,973.8949999999999,1000.0,233,4660000,1,0.04012361541390419,0.00016019999999999958,28.946811328680752,0.4205749703291506,0.01997466255931523,17.657343864440918,2.2567522525787354,19.914098024368286,-9.918212917625624e-09,3.8146971692576415e-10
4762.474656920416,973.2769999999998,1000.0,234,4680000,4,0.025295274332165718,0.0001595999999999996,110.59400657800059,2.185410386052566,-7.682451539443799e-05,18.493986129760742,8.908209323883057,27.402196884155273,-6.103515470812226e-09,-9.155272984173735e-09
4750.659062947483,971.8290000000001,1000.0,235,4700000,1,0.028571413829922676,0.00015899999999999958,89.50167935648665,0.8978213987792262,0.010917211933353077,18.156501293182373,2.388212203979492,20.54471445083618,-1.5258788677030566e-09,-6.103515470812226e-09
4758.053019271494,971.981,1000.0,236,4720000,1,0.024665771052241325,0.0001583999999999996,109.6528944740661,1.325935817278993,0.008219156161355325,19.54745125770569,2.179933547973633,21.727386236190796,4.577636492086867e-09,-3.814697002724188e-09
4782.109081993803,973.4740000000002,1000.0,237,4740000,1,0.026551872491836548,0.0001577999999999996,76.78128377469584,0.5691676816810816,0.011785084253754288,18.487670183181763,2.298480272293091,20.786152601242065,0.0,-2.479553229406406e-09
4794.392746307758,974.1150000000001,1000.0,238,4760000,1,0.021218517795205116,0.0001571999999999996,57.801405111440836,0.5490325092317198,0.014022037473182898,17.902424573898315,2.6088714599609375,20.511298656463623,3.8146971692576415e-10,-1.9073485846288207e-10
4797.861681743394,974.1830000000002,1000.0,239,4780000,1,0.02936381846666336,0.0001565999999999996,81.4315171744496,1.1284579182394778,0.011770672898311109,17.98307967185974,2.6126456260681152,20.59572696685791,-3.051757735406113e-09,3.8146971692576415e-10
4803.474739747965,974.448,1000.0,240,4800000,1,0.037701621651649475,0.0001559999999999996,42.65035282537198,0.6365509184595114,0.02087662875140532,17.37451982498169,2.516502618789673,19.891024112701416,4.577636492086867e-09,2.2888182460434336e-09
4796.589392855815,974.524,1000.0,241,4820000,2,0.020102910697460175,0.0001553999999999996,180.8449821472168,0.7057532213461666,0.004707785092663175,18.672810316085815,4.567834138870239,23.240647077560425,0.0,-1.9073485846288207e-10
4780.1854077946555,974.0710000000001,1000.0,242,4840000,1,0.02471822500228882,0.00015479999999999962,77.7176696119217,0.5577143853464828,0.00915751695490112,18.45520806312561,2.3157670497894287,20.77097773551941,1.5258788677030566e-09,-1.5258788677030566e-09
4776.813998689113,973.9780000000003,1000.0,243,4860000,1,0.043034303933382034,0.00015419999999999963,89.18228494930572,0.5270257779774955,0.008558810709383542,18.06627893447876,2.3053293228149414,20.371610164642334,-2.6702879907247734e-09,-2.2888182460434336e-09
4787.129408655296,974.042,1000.0,244,4880000,1,0.02637310139834881,0.00015359999999999964,101.00301517693761,0.5493372727316409,0.006256952917518707,19.207066535949707,2.2043797969818115,21.411449193954468,4.577636492086867e-09,0.0
4783.465843928318,973.7140000000003,1000.0,245,4900000,1,0.024243546649813652,0.00015299999999999965,170.43621638483896,0.9803550898457487,0.0059407289369037735,17.9688982963562,2.386420488357544,20.35531997680664,-2.6702879907247734e-09,1.5258788677030566e-09
4776.050897721836,973.2710000000001,1000.0,246,4920000,1,0.026972496882081032,0.00015239999999999967,83.77421042104118,0.5675638976474159,0.009262147340209435,17.839820384979248,2.4605321884155273,20.300354719161987,6.103515470812226e-09,-1.5258788677030566e-09
4779.460916016013,973.2400000000001,1000.0,247,4940000,1,0.024799255654215813,0.00015179999999999968,75.328784083406,0.4193516962063579,0.014069561608516561,17.109609365463257,2.326881170272827,19.436492443084717,-7.629394005448376e-09,7.629394338515283e-10
4787.7174861236135,973.3820000000002,1000.0,248,4960000,2,0.026012852787971497,0.0001511999999999997,97.0966557725169,0.4320765330006901,0.007654648526354482,18.587905406951904,4.681732177734375,23.269639492034912,6.866454960174906e-09,5.722045615108584e-10
4789.409921283846,973.9050000000001,1000.0,249,4980000,1,0.020717773586511612,0.0001505999999999997,131.29948856122198,0.41960196554089507,0.007798997783503784,19.073922157287598,2.110503673553467,21.184428691864014,0.0,1.1444091230217168e-09
4786.58937332238,974.133,1000.0,250,5000000,1,0.026723895221948624,0.00014999999999999972,88.2976388291429,0.36353161074102114,0.009642771190811937,18.758854866027832,2.204188108444214,20.9630446434021,-6.103515470812226e-09,-2.861022807554292e-10
4784.20518229832,974.229,1000.0,251,5020000,1,0.03058270737528801,0.00014939999999999973,59.90711563768478,0.3682362084476331,0.012556300099831991,19.683541536331177,2.2673604488372803,21.950904846191406,-2.2888182460434336e-09,9.53674250681047e-10
4792.001781160581,974.4540000000001,1000.0,252,5040000,1,0.03155771270394325,0.00014879999999999971,41.40546096094881,0.43454370826197125,0.024142207301105743,17.519356727600098,2.2185356616973877,19.737894535064697,-1.5258788677030566e-09,3.8146971692576415e-10
4793.567254066378,974.2479999999999,1000.0,253,5060000,1,0.022073525935411453,0.00014819999999999973,77.9922811185209,0.43184222885594964,0.014217207937266309,18.167574167251587,2.4049456119537354,20.572522401809692,-6.103515470812226e-09,-7.629394338515283e-10
4799.140207479431,973.7539999999999,1000.0,254,5080000,2,0.020881786942481995,0.0001475999999999997,125.37531811893939,0.5326393502779281,0.00225046099410556,18.429791688919067,4.88783073425293,23.317625045776367,3.433227480087453e-09,-9.53674250681047e-10
4728.694145608004,958.2149999999998,1000.0,255,5100000,2,0.025084996595978737,0.00014699999999999972,139.80042603983284,3.2771591693638995,0.0009385262297603269,18.06327247619629,4.6769936084747314,22.74026846885681,4.959106458812812e-09,-9.155272984173735e-09
4682.413562606845,946.2529999999999,1000.0,256,5120000,1,0.03779088705778122,0.0001463999999999997,62.62140153695981,0.5381994859669537,0.016081423808139164,18.986024618148804,2.3887765407562256,21.374803066253662,1.1062621929625038e-08,0.0
4723.517101483551,951.314,1000.0,257,5140000,1,0.0247003473341465,0.00014579999999999972,50.19611572838439,0.7939783062416905,0.017278699683376586,18.86787223815918,2.233283519744873,21.101158380508423,8.392333938900265e-09,-3.814697002724188e-09
4826.297155553667,971.528,1000.0,258,5160000,1,0.03516479954123497,0.00014519999999999973,34.23003584584489,0.4607466381673996,0.02077686571525023,18.61197304725647,2.2876150608062744,20.899589776992798,3.8146971692576415e-10,-2.861022807554292e-10
4841.129644146065,974.8790000000001,1000.0,259,5180000,1,0.028275717049837112,0.00014459999999999975,46.53634059771943,0.4571021203511058,0.01070634782992708,18.294605493545532,2.3350634574890137,20.62967085838318,3.051757735406113e-09,1.3351439953623867e-09
4843.853450371,974.927,1000.0,260,5200000,1,0.043510984629392624,0.00014399999999999976,42.91505671309206,0.3732386545156138,0.017556617283425963,18.067248582839966,2.302748441696167,20.369998931884766,1.1062621929625038e-08,1.3351439953623867e-09
4854.360063861138,973.9780000000001,1000.0,261,5220000,2,0.028485527262091637,0.00014339999999999977,85.03616340929707,3.064830407595482,0.0034957441096655287,18.406561136245728,4.794137239456177,23.200700044631958,-3.814697002724188e-09,-3.051757735406113e-09
4854.074861658281,971.1320000000002,1000.0,262,5240000,1,0.02006547711789608,0.00014279999999999978,102.78917380262868,0.8385601913014921,0.00613866749103553,17.969556093215942,2.4341187477111816,20.403677463531494,7.247924482811641e-09,7.629394338515283e-10
4861.261406628088,970.9379999999999,1000.0,263,5260000,1,0.04368087276816368,0.0001421999999999998,67.75963355481815,1.0260935036328653,0.012619976635677174,18.31419539451599,2.2719380855560303,20.586135387420654,3.051757735406113e-09,-3.814697002724188e-09
4870.671557396916,973.135,1000.0,264,5280000,2,0.0207503754645586,0.0001415999999999998,124.01083116866529,0.7578666772419652,0.005278932187295617,18.56768798828125,4.313801050186157,22.881490468978882,0.0,-1.907348501362094e-09
4875.637558538727,974.0269999999998,1000.0,265,5300000,1,0.025575732812285423,0.00014099999999999982,47.45364389937526,0.5562624580943927,0.012904466695179003,19.19357466697693,2.172708749771118,21.36628532409668,3.051757735406113e-09,-1.9073485846288207e-10
4874.826162474845,974.8080000000002,1000.0,266,5320000,1,0.028940832242369652,0.00014039999999999983,72.64426849292109,0.4233855447068382,0.010967737542816434,18.74078369140625,2.2722785472869873,21.013063430786133,1.5258788677030566e-09,2.2888182460434336e-09
4876.606201964167,975.1540000000001,1000.0,267,5340000,1,0.03240504115819931,0.00013979999999999985,66.93398471990713,0.5020398936999111,0.012901970500739428,18.864527940750122,2.2513763904571533,21.115906953811646,0.0,1.1444091230217168e-09
4877.06415812693,974.7989999999998,1000.0,268,5360000,1,0.026569267734885216,0.00013919999999999986,37.45094476644985,0.42138505634217976,0.01529405971530813,17.845157384872437,2.293151378631592,20.138311862945557,6.103515470812226e-09,-9.53674250681047e-10
4844.623589837881,967.191,1000.0,269,5380000,1,0.028407592326402664,0.00013859999999999987,216.83250192636118,2.702695278504405,0.005194789731500153,18.95104169845581,2.411574363708496,21.362618684768677,-6.866454960174906e-09,1.0681151962899094e-08
4799.1882697862175,959.983,1000.0,270,5400000,2,0.03377501294016838,0.00013799999999999988,178.36844833666524,3.5226252399884856,0.00141247912658194,18.325268983840942,5.108820199966431,23.434091329574585,6.103515470812226e-09,0.0
4808.226741984475,961.223,1000.0,271,5420000,1,0.02398420125246048,0.0001373999999999999,100.4445012857358,1.0118522463134303,0.00980451121366919,17.69426965713501,2.141732931137085,19.836004734039307,2.6702879907247734e-09,-2.2888182460434336e-09
4852.1885033416465,968.2199999999999,1000.0,272,5440000,1,0.026928188279271126,0.0001367999999999999,56.986074752320114,0.9269859967902064,0.016184553566475076,19.292362451553345,2.108827590942383,21.40119171142578,1.5258788677030566e-09,7.629394338515283e-10
4896.732861209656,975.2520000000001,1000.0,273,5460000,1,0.039994049817323685,0.0001361999999999999,47.33199627787922,0.6893332131183185,0.021348672329831998,18.22411274909973,2.388719320297241,20.612833976745605,1.2207030941624453e-08,-7.629394338515283e-10
4906.169331405899,975.247,1000.0,274,5480000,1,0.02789738029241562,0.00013559999999999988,76.12603495905574,0.785776347112351,0.009936014118904884,18.513386011123657,2.3028995990753174,20.81628727912903,-6.866454960174906e-09,-2.8610229740877458e-09
4907.340298360856,975.4069999999999,1000.0,275,5500000,2,0.0497068390250206,0.0001349999999999999,109.7694666621784,0.5509810492920038,0.003826754432492934,19.3158860206604,4.276483774185181,23.59237265586853,6.103515470812226e-09,3.8146971692576415e-10
4902.947617429111,975.5650000000002,1000.0,276,5520000,1,0.03202613815665245,0.00013439999999999988,122.3810153875869,0.5655793560960423,0.008939045987213953,18.69440984725952,2.2225966453552246,20.9170081615448,-1.5258788677030566e-09,1.1444091230217168e-09
4901.711684358803,975.2729999999999,1000.0,277,5540000,1,0.03199050948023796,0.0001337999999999999,42.54303617751636,0.5975274761644797,0.020588691569507694,18.347546815872192,2.5983667373657227,20.945916652679443,8.392333938900265e-09,7.629394338515283e-10
4908.739697174601,975.3369999999999,1000.0,278,5560000,2,0.023398391902446747,0.00013319999999999988,53.71901055875297,0.42681747115553376,0.007919428648409275,18.47457790374756,4.952127933502197,23.42670726776123,-1.5258788677030566e-09,7.629394338515283e-10
4909.61782608821,975.1389999999999,1000.0,279,5580000,2,0.02631598524749279,0.0001325999999999999,36.83188227875926,0.39626000888240986,0.012219934002719462,19.575343370437622,4.585658073425293,24.161003351211548,0.0,1.5258788677030566e-09
4895.493117742114,974.653,1000.0,280,5600000,7,0.02311721071600914,0.0001319999999999999,127.02343708127125,0.5834312885319571,-0.0006707803180865477,18.883108615875244,16.70258355140686,35.58569407463074,-7.629394005448376e-09,0.0
4898.232718992641,974.644,1000.0,281,5620000,1,0.027817169204354286,0.00013139999999999991,58.67563644994181,0.37952037765004765,0.014088355585004384,19.20201349258423,2.371367931365967,21.573383808135986,-9.155272984173735e-09,6.675719976811934e-10
4914.593976600305,974.8870000000001,1000.0,282,5640000,1,0.026655346155166626,0.00013079999999999993,31.19407471605002,0.3403274594023586,0.02184076674472981,17.804767847061157,2.5817573070526123,20.386526823043823,1.5258788677030566e-09,-1.907348501362094e-09
4935.3024576591015,975.106,1000.0,283,5660000,1,0.02950115315616131,0.00013019999999999994,71.34469831180267,0.35797072132936303,0.010945427892045282,18.724905252456665,2.3670296669006348,21.091936588287354,5.722045615108584e-10,0.0
4948.261015577017,975.744,1000.0,284,5680000,1,0.02520008571445942,0.00012959999999999995,59.032410639924365,0.42525994896698305,0.01354457513122751,19.324710845947266,2.537661075592041,21.86237406730652,-6.103515470812226e-09,-3.337859988405967e-10
4962.320126391527,976.1049999999999,1000.0,285,5700000,1,0.028626928105950356,0.00012899999999999994,60.55902962791272,0.5209770980067908,0.01122265488218766,18.673357725143433,2.8295392990112305,21.502899885177612,3.051757735406113e-09,-2.2888182460434336e-09
4957.318055073059,975.8929999999998,1000.0,286,5720000,3,0.02871595323085785,0.00012839999999999995,93.32889402915622,0.39815845050877785,0.0038849566239939014,18.643497705459595,7.589734077453613,26.23323369026184,6.103515470812226e-09,3.8146971692576415e-10
4958.55735799876,976.1750000000002,1000.0,287,5740000,1,0.036359358578920364,0.00012779999999999996,26.156300297941264,0.3011714186721716,0.024133949498898875,18.33989429473877,2.357032060623169,20.696927547454834,1.0681151962899094e-08,7.629394338515283e-10
4961.37786213348,976.184,1000.0,288,5760000,1,0.023397915065288544,0.00012719999999999997,52.01556795016645,0.3661863250187792,0.010955974998208471,19.76930856704712,2.2846648693084717,22.053975582122803,2.2888182460434336e-09,3.8146971692576415e-10
4963.530004928413,975.8030000000001,1000.0,289,5780000,3,0.022550441324710846,0.00012659999999999996,71.12297208012103,0.4218423096453166,0.003530726051483704,19.400076866149902,6.979426145553589,26.379504680633545,5.340575981449547e-09,0.0
4959.957183117784,974.0989999999999,1000.0,290,5800000,2,0.034095413982868195,0.00012599999999999995,113.11880546179823,1.3439928550070848,0.004215520961335101,18.73807644844055,4.847297668457031,23.585375785827637,0.0,1.5258788677030566e-09
4960.274230516187,972.177,1000.0,291,5820000,1,0.05263327434659004,0.00012539999999999996,36.51021295309828,0.46252539073126003,0.0186356627754272,18.726833820343018,2.3462700843811035,21.073105573654175,-1.5258788677030566e-09,-9.53674250681047e-10
4966.524067140026,972.7509999999999,1000.0,292,5840000,1,0.03385770320892334,0.00012479999999999994,70.95387186105259,0.5907691945187962,0.011204273154298528,18.474957704544067,2.4770667552948,20.952025890350342,6.38961772381208e-09,5.722045615108584e-10
4983.1199771488145,975.8860000000001,1000.0,293,5860000,1,0.02447068877518177,0.00012419999999999996,61.790242944662566,0.33930436371804806,0.009974570867543022,19.85894274711609,2.1967201232910156,22.055665731430054,-3.814697002724188e-09,0.0
4984.945349282683,975.9310000000002,1000.0,294,5880000,1,0.021521350368857384,0.00012359999999999994,56.88758153580248,0.5371188380466864,0.012235656847802404,20.342028379440308,2.2178702354431152,22.559900522232056,6.103515470812226e-09,-1.5258788677030566e-09
4919.49944723876,962.5369999999999,1000.0,295,5900000,4,0.02846490405499935,0.00012299999999999995,127.60266008316138,2.4067227438377876,0.005829608439804076,18.624711751937866,9.727884292602539,28.352598667144775,0.0,-1.2207030941624453e-08
4915.218964964724,961.68,1000.0,296,5920000,1,0.03097088634967804,0.00012239999999999997,133.0631902956734,0.3899896054888686,0.007938679437132213,18.592774152755737,2.228426933288574,20.821202754974365,5.340575981449547e-09,0.0
4819.796615709938,943.8490000000002,1000.0,297,5940000,6,0.021821418777108192,0.00012179999999999997,224.7254533396996,5.669036369814406,-0.0001241777853939099,17.611347436904907,14.141480922698975,31.752830266952515,-6.103515470812226e-09,0.0
4814.029337208796,942.918,1000.0,298,5960000,1,0.03858257457613945,0.00012119999999999996,89.54175407056229,1.2241660419363565,0.014369105258153174,19.799824953079224,2.4913299083709717,22.291157245635986,4.577636492086867e-09,-1.5258788677030566e-09
4870.968780689354,951.7379999999999,1000.0,299,5980000,1,0.04437101259827614,0.00012059999999999996,83.06049459049115,0.8626080898050302,0.011128152687899982,19.936970233917236,2.212423324584961,22.14939546585083,-1.5258788677030566e-09,3.433227480087453e-09
5002.885667867573,975.074,1000.0,300,6000000,2,0.026030590757727623,0.00011999999999999996,120.18736099968322,1.3847584965796516,0.00838311466153342,18.514036655426025,5.115366220474243,23.629405736923218,9.155272984173735e-09,3.8146971692576415e-10
5011.969030993199,976.0120000000001,1000.0,301,6020000,1,0.044781848788261414,0.00011939999999999996,79.65772234517546,0.7292535401190432,0.010941466847702433,18.73539662361145,2.4132916927337646,21.148690938949585,-4.577636492086867e-09,0.0
5007.092869225631,976.3860000000001,1000.0,302,6040000,1,0.025226173922419548,0.00011879999999999996,34.05513680857211,0.4826769187998848,0.02193117314896073,18.584169626235962,2.239405870437622,20.823577404022217,9.155272984173735e-09,1.5258788677030566e-09
4935.170295985146,963.8130000000001,1000.0,303,6060000,1,0.026313064619898796,0.00011819999999999996,148.17440920820633,3.6895838251319555,0.0032693871115438474,19.91222071647644,2.475161075592041,22.387383222579956,-2.2888182460434336e-09,-6.103515470812226e-09
4923.28771317228,959.7209999999999,1000.0,304,6080000,1,0.034895483404397964,0.00011759999999999996,33.5447578917677,0.6526638879753149,0.018976747831954553,18.67295002937317,2.246891498565674,20.919844150543213,1.2969969986897922e-08,-3.8146971692576415e-10
4958.649841166578,963.7220000000001,1000.0,305,6100000,5,0.02058831788599491,0.00011699999999999997,115.5108146734512,3.145015896452121,-0.0003057760070450009,19.063618421554565,12.513397455215454,31.57701873779297,2.2888182460434336e-09,-6.103515470812226e-09
4933.260242651027,956.7060000000001,1000.0,306,6120000,2,0.024895811453461647,0.00011639999999999997,164.77627479230253,4.303133542450091,0.004025532941396435,18.54639196395874,4.538672924041748,23.085066556930542,-3.051757735406113e-09,1.831054596834747e-08
4925.291157068232,954.777,1000.0,307,6140000,1,0.03426982834935188,0.00011579999999999997,45.176297629603184,2.056173097211332,0.017271305358531282,18.649450540542603,2.53997540473938,21.189427614212036,7.629394005448376e-09,-3.814697002724188e-09
4973.007442658594,964.233,1000.0,308,6160000,2,0.022214561700820923,0.00011519999999999997,113.67553971750668,0.6860855759237521,0.006630825293890108,19.142369747161865,5.023638725280762,24.1660099029541,3.433227480087453e-09,3.051757735406113e-09
5032.573126788504,975.701,1000.0,309,6180000,1,0.025232814252376556,0.00011459999999999997,40.09180411744042,0.5324917058594311,0.013159828793150358,19.51021671295166,2.425945281982422,21.936163902282715,-1.2588500908350397e-08,1.5258788677030566e-09
5040.861375890755,976.5260000000001,1000.0,310,6200000,1,0.023665014654397964,0.00011399999999999998,64.16878229512955,0.44853975569097376,0.0052465311305139204,19.218947172164917,2.118821144104004,21.33777093887329,6.866454960174906e-09,3.8146971692576415e-10
5055.231164019451,976.8399999999999,1000.0,311,6220000,3,0.021061481907963753,0.00011339999999999998,58.355478604634605,0.3817781895176925,0.00632447010467545,18.34730339050293,7.103045225143433,25.450350284576416,0.0,1.7166137400437265e-09
5059.7885395093435,976.4909999999998,1000.0,312,6240000,3,0.030905066058039665,0.00011279999999999998,122.0509717208001,0.3970042889872298,0.0019325101792740935,18.92380428314209,6.928407430648804,25.852213382720947,0.0,7.629394338515283e-10
5053.478401706698,976.367,1000.0,313,6260000,1,0.022211218252778053,0.00011219999999999998,121.24131728589725,0.48235321787599555,0.009332311826165968,19.788206577301025,2.6519596576690674,22.440167903900146,-5.340575981449547e-09,-2.2888182460434336e-09
4999.390029310039,965.9339999999999,1000.0,314,6280000,4,0.02890252321958542,0.00011159999999999998,211.22352441126546,4.580053763672376,0.0003252494362400125,18.782829999923706,9.53011417388916,28.31294584274292,4.577636492086867e-09,-1.525878801089675e-08
4942.413964601839,955.8119999999999,1000.0,315,6300000,1,0.027415359392762184,0.00011099999999999997,88.41888751922706,0.7253966416223362,0.011221822238149354,17.780609369277954,2.138446569442749,19.919057607650757,-4.577636492086867e-09,-4.768371253405235e-10
4955.027023905781,957.5320000000002,1000.0,316,6320000,1,0.0330071784555912,0.00011039999999999999,97.30506469799688,0.8569537347878892,0.00763854396026641,18.526530742645264,2.640991449356079,21.167523622512817,-1.5258788677030566e-09,-1.5258788677030566e-09
5038.998340695909,972.1070000000002,1000.0,317,6340000,1,0.025099830701947212,0.00010979999999999999,210.1743722952212,2.7087081185164164,0.006938998989118174,19.00409483909607,2.2842118740081787,21.288308143615723,2.2888182460434336e-09,-1.1444091896350983e-08
4958.510909449555,954.2620000000001,1000.0,318,6360000,2,0.020578721538186073,0.00010919999999999998,183.45146988908323,2.420215169414164,0.004312085201993537,20.504894018173218,4.590228319168091,25.095123767852783,3.051757735406113e-09,3.051757735406113e-09
4960.245556259725,952.0769999999999,1000.0,319,6380000,1,0.04515080899000168,0.00010859999999999998,36.338595216647505,0.9267712117384036,0.021871071942626667,19.044774532318115,2.3729441165924072,21.417721271514893,-3.814697002724188e-09,-3.814697002724188e-09
5033.8064588811485,965.4220000000001,1000.0,320,6400000,1,0.03394075110554695,0.00010799999999999998,94.49805209431024,0.6464537847727633,0.007341647537026447,17.646025896072388,2.308429002761841,19.95445680618286,1.5258788677030566e-09,2.2888182460434336e-09
5088.110556229572,977.0790000000001,1000.0,321,6420000,2,0.023095296695828438,0.00010739999999999998,44.299496242413504,0.5633261539875128,0.009380042692795158,18.52955436706543,4.467107772827148,22.99666404724121,-1.525878801089675e-08,1.3351439953623867e-09
5026.0506775811355,965.146,1000.0,322,6440000,4,0.02940215729176998,0.00010679999999999998,197.06794890504295,4.425900188116982,0.0003870871548835462,19.575189113616943,9.852762460708618,29.427953958511353,-2.2888182460434336e-09,-4.577636492086867e-09
4989.919937577692,958.993,1000.0,323,6460000,4,0.03229551389813423,0.00010619999999999998,138.58217023203548,1.300776816357058,0.002542779134875074,18.735281705856323,9.629274129867554,28.364558935165405,-6.103515470812226e-09,-7.629394338515283e-10
5009.014505935643,962.095,1000.0,324,6480000,1,0.03381442651152611,0.00010559999999999998,25.49187527373195,0.5610856937524229,0.024095966105762954,19.02812910079956,2.3224308490753174,21.350562810897827,-3.051757735406113e-09,3.433227480087453e-09
5094.618343996872,977.6280000000003,1000.0,325,6500000,1,0.02599121257662773,0.00010499999999999998,28.62424950096935,0.6566116462309901,0.01813268953690323,17.697039365768433,2.3171451091766357,20.0141863822937,1.602172794434864e-08,-1.5258788677030566e-09
5097.996122604334,977.1200000000001,1000.0,326,6520000,1,0.021665679290890694,0.00010439999999999998,40.35111118048525,0.46855952621648866,0.012207775528486163,19.962804555892944,2.448040246963501,22.4108464717865,-8.01086397217432e-09,-7.629394338515283e-10
5092.891192882705,975.634,1000.0,327,6540000,4,0.026860905811190605,0.00010379999999999998,123.3219537057054,2.6152156065114007,-0.0005341836771282097,18.691293716430664,9.836616277694702,28.527913093566895,0.0,-3.051757735406113e-09
5004.306796479056,957.3989999999998,1000.0,328,6560000,4,0.03931303322315216,0.00010319999999999997,208.69038821485478,5.214596885461777,-0.00017873565153108713,19.261818170547485,9.244777202606201,28.50659704208374,0.0,0.0
4963.470687022442,948.9100000000001,1000.0,329,6580000,2,0.02921578660607338,0.00010259999999999997,92.67508754181786,1.091450440331389,0.007123105201167991,18.359033584594727,4.62299370765686,22.9820294380188,7.629394005448376e-09,7.629394338515283e-10
5010.8791938523045,956.6619999999999,1000.0,330,6600000,1,0.029513323679566383,0.00010199999999999999,48.664031446170505,0.7184785054133723,0.015364083934563417,18.62048578262329,2.2118523120880127,20.832340955734253,-1.1444091896350983e-08,1.907348501362094e-09
5120.7185899660835,975.5029999999999,1000.0,331,6620000,1,0.029044456779956818,0.00010139999999999998,59.37086642816806,0.5742103945904266,0.00881190179659726,19.88533353805542,2.228611707687378,22.11394691467285,3.051757735406113e-09,3.051757735406113e-09
5074.354546484564,967.133,1000.0,332,6640000,3,0.02339361608028412,0.00010079999999999998,279.16092872924315,5.305562530177089,-0.0007711926463265388,18.37874698638916,7.208024263381958,25.586772918701172,1.5258788677030566e-09,-2.1362303925798187e-08
5005.4485245398955,953.509,1000.0,333,6660000,1,0.028256544843316078,0.00010019999999999998,211.11921687628896,0.8396822314102429,0.008001250997423744,19.58822798728943,2.351529598236084,21.93976140022278,-2.2888182460434336e-09,-7.629394338515283e-10
5024.219655637016,954.7680000000003,1000.0,334,6680000,1,0.060482464730739594,9.959999999999998e-05,98.86952427020088,0.8158595362981669,0.011121977901699158,17.53485107421875,2.2477312088012695,19.782584190368652,2.2888182460434336e-09,-1.907348501362094e-09
5126.745862018715,972.3619999999999,1000.0,335,6700000,3,0.022986970841884613,9.899999999999998e-05,369.93241653198635,7.921826846397723,0.0011878590277049996,17.698413372039795,6.956150531768799,24.654565572738647,-3.814697002724188e-09,9.155272984173735e-09
5037.159235410471,956.402,1000.0,336,6720000,1,0.02142682485282421,9.839999999999998e-05,192.7323326988342,4.260436010056029,0.006141534685112607,19.74130082130432,2.1684725284576416,21.909774780273438,-3.814697002724188e-09,-6.103515470812226e-09
5009.898518123436,951.988,1000.0,337,6740000,1,0.034140750765800476,9.779999999999998e-05,262.7841813907075,6.961795059255898,0.005133129901791248,19.715579748153687,2.4179375171661377,22.133520364761353,3.814697002724188e-09,3.051757735406113e-09
4977.332817682106,944.3290000000001,1000.0,338,6760000,1,0.034489989280700684,9.719999999999998e-05,126.53898791230905,3.205671011354215,0.007517479129504567,19.30439805984497,2.518125295639038,21.822526216506958,0.0,4.577636492086867e-09
4954.69106999078,939.2850000000001,1000.0,339,6780000,1,0.022962044924497604,9.659999999999998e-05,55.50482454086645,1.0885330486221436,0.012694757375211571,18.579227447509766,2.1273915767669678,20.706620931625366,1.0681151962899094e-08,3.051757735406113e-09
5016.543332661254,951.7439999999999,1000.0,340,6800000,1,0.031765878200531006,9.599999999999998e-05,67.88949170584877,1.331177717675797,0.009774212845967124,18.021804332733154,2.363280773162842,20.38508677482605,6.103515470812226e-09,-1.5258788677030566e-09
5110.772092129919,970.757,1000.0,341,6820000,1,0.020832324400544167,9.539999999999997e-05,100.06617220979149,0.5066954555412451,0.006924527427984979,18.560524463653564,2.3213822841644287,20.881908655166626,0.0,4.577636492086867e-09
5145.534521278971,977.7969999999999,1000.0,342,6840000,1,0.03065970353782177,9.479999999999997e-05,155.38055279765265,0.6923011579452613,0.006758363521732271,18.747397661209106,2.3544609546661377,21.10186004638672,1.5258788677030566e-09,2.479553229406406e-09
5154.710430988967,977.7030000000001,1000.0,343,6860000,1,0.035130951553583145,9.419999999999997e-05,42.90116995668259,0.4746199436842824,0.016308355572136543,19.075093030929565,2.4436655044555664,21.51876139640808,3.814697002724188e-09,2.479553229406406e-09
5166.886083054282,977.467,1000.0,344,6880000,3,0.020849039778113365,9.359999999999997e-05,145.60952489952436,0.3745248899165307,0.0006760355542365291,18.79829239845276,6.670804500579834,25.469098567962646,7.629394338515283e-10,-7.629394338515283e-10
5166.883643453437,977.35,1000.0,345,6900000,1,0.04095805063843727,9.299999999999997e-05,31.665003615065505,0.34294056168760356,0.01888369857229459,17.43008041381836,2.3938281536102295,19.8239107131958,-1.1444091896350983e-08,7.247924482811641e-09
5171.880017462709,977.662,1000.0,346,6920000,4,0.020376620814204216,9.239999999999997e-05,171.93666873343835,0.34923454384786634,0.000409396675477822,18.449761629104614,9.783025979995728,28.232789516448975,-6.103515470812226e-09,3.433227480087453e-09
5178.393761068392,977.9649999999999,1000.0,347,6940000,1,0.030449187383055687,9.179999999999997e-05,35.51821459139498,0.3323174472243641,0.018161324638361558,18.84198546409607,2.6474361419677734,21.489424228668213,-9.155272984173735e-09,-1.1444091230217168e-09
5184.300959229755,978.107,1000.0,348,6960000,7,0.023974290117621422,9.119999999999997e-05,293.82932428702105,0.36838184505197785,-0.0022153967008715567,18.99130129814148,16.152387142181396,35.14368987083435,4.577636492086867e-09,3.8146971692576415e-10
5187.347888860627,978.4010000000001,1000.0,349,6980000,1,0.03459787368774414,9.059999999999997e-05,87.89141234498436,0.37768825688682045,0.011212139714735385,17.664737224578857,2.082942247390747,19.747682571411133,1.5258788677030566e-09,-1.5258788677030566e-09
5154.01011601753,972.1729999999998,1000.0,350,7000000,1,0.02248903177678585,8.999999999999997e-05,293.6538763533766,2.094884156561888,0.0058058224954663186,18.596571683883667,2.312417507171631,20.90899109840393,2.2888182460434336e-09,2.2888182460434336e-09
5136.318541632112,967.738,1000.0,351,7020000,1,0.031132305040955544,8.939999999999996e-05,129.1390412546956,0.561273603679273,0.009095456797820025,18.660242795944214,2.6957833766937256,21.35602879524231,3.051757735406113e-09,2.2888182460434336e-09
5144.795248246396,968.622,1000.0,352,7040000,1,0.039989061653614044,8.879999999999996e-05,36.31032745678204,0.4098186592895764,0.022563919160193718,18.47019386291504,2.5657124519348145,21.035908699035645,1.754760781125242e-08,-5.722045615108584e-10
5190.1789266352525,977.6510000000002,1000.0,353,7060000,1,0.024098865687847137,8.819999999999996e-05,86.9281949143821,0.4433365269019581,0.006940106617304654,18.348632097244263,2.3388724327087402,20.687506437301636,-4.577636492086867e-09,-1.907348501362094e-09
5190.8184396584475,977.8939999999999,1000.0,354,7080000,1,0.02506141923367977,8.759999999999996e-05,58.492389837392984,0.4211307734060592,0.008436786864821712,17.426384210586548,2.3312747478485107,19.757661819458008,-3.051757735406113e-09,-7.629394338515283e-10
5189.362819030905,977.659,1000.0,355,7100000,4,0.02343408763408661,8.699999999999996e-05,130.11442447013368,0.43324184903321555,0.000275587093251677,19.332619428634644,9.406143426895142,28.738765478134155,3.051757735406113e-09,7.629394338515283e-10
5190.805882832088,977.5650000000002,1000.0,356,7120000,1,0.023731783032417297,8.639999999999996e-05,43.17606619447946,0.372377592296646,0.014869267388749809,18.37602686882019,2.2840700149536133,20.660098791122437,4.577636492086867e-09,1.1444091230217168e-09
5198.452195727775,977.7270000000002,1000.0,357,7140000,1,0.032451458275318146,8.579999999999996e-05,56.64570462894135,0.38789072885109593,0.010664217019328674,19.6285560131073,2.4425973892211914,22.0711567401886,8.392333938900265e-09,0.0
5203.892727640178,977.4970000000001,1000.0,358,7160000,1,0.028803139925003052,8.519999999999996e-05,40.35973512021878,0.39342412005026883,0.012350295610821094,19.271013259887695,2.304034471511841,21.575050592422485,-2.2888182460434336e-09,-7.629394338515283e-10
5168.490905289648,969.3820000000002,1000.0,359,7180000,8,0.021558495238423347,8.459999999999996e-05,142.4640094335087,1.6967077622065148,-0.0014197023493571046,18.175482988357544,18.036356925964355,36.21184277534485,0.0,-1.0681151962899094e-08
5084.159930676176,952.9530000000001,1000.0,360,7200000,1,0.020880181342363358,8.399999999999995e-05,270.522175877239,3.957633833915662,0.0046409448971763585,18.5251145362854,2.257664680480957,20.78278112411499,6.103515470812226e-09,-1.831054596834747e-08
5067.283391269655,949.5619999999999,1000.0,361,7220000,2,0.02243892103433609,8.339999999999995e-05,123.72357016097243,0.8344503921536973,0.0064134909741628094,18.293579816818237,4.727355241775513,23.020936250686646,-1.5258788677030566e-09,2.2888182460434336e-09
5160.759662942413,967.8870000000001,1000.0,362,7240000,1,0.028165850788354874,8.279999999999995e-05,111.60596047422756,0.49443572473983033,0.011034154309370457,19.06767463684082,2.1475718021392822,21.215247869491577,-5.722045615108584e-10,7.629394338515283e-10
5204.1615055460925,975.6519999999998,1000.0,363,7260000,4,0.020312966778874397,8.219999999999995e-05,242.52185535811768,2.1526936955226303,0.0004708816131097845,17.489753246307373,8.594669580459595,26.084424257278442,1.907348501362094e-09,-3.051757735406113e-09
5203.574915626567,974.8710000000001,1000.0,364,7280000,2,0.02857181988656521,8.159999999999995e-05,169.61073737860488,2.3949420462115505,0.004736098512179983,19.369033098220825,4.298604726791382,23.66763925552368,0.0,9.155272984173735e-09
5155.685050049028,964.564,1000.0,365,7300000,1,0.029746556654572487,8.099999999999995e-05,73.3078542776382,0.4273271083641357,0.009477608863966534,19.19180202484131,2.1684727668762207,21.36027693748474,0.0,1.7166137400437265e-09
5160.8580791517,965.8880000000001,1000.0,366,7320000,8,0.021306375041604042,8.039999999999995e-05,158.79312239325466,2.3501398335463892,-0.0006297434888074931,18.83916473388672,18.291743755340576,37.13091063499451,1.5258788677030566e-09,6.103515470812226e-09
5162.613600748738,967.445,1000.0,367,7340000,2,0.020708967000246048,7.979999999999995e-05,174.6103906006859,2.528361192954996,0.0026607555545533237,16.987959384918213,4.363977432250977,21.351938724517822,1.5258788677030566e-09,-1.0681151962899094e-08
5128.843662873371,962.0390000000003,1000.0,368,7360000,1,0.03592735156416893,7.919999999999995e-05,186.35032110244703,0.8365033474593117,0.007387731553088076,18.809706449508667,2.263943672180176,21.073652267456055,-3.051757735406113e-09,-5.7220459481754915e-09
5133.644948604688,962.7139999999999,1000.0,369,7380000,1,0.027755053713917732,7.859999999999995e-05,73.69657482354405,0.5229281287985488,0.00698611742189041,19.292365789413452,2.255634307861328,21.548002004623413,-5.1498409980865745e-09,1.1444091230217168e-09
5173.218278930116,969.765,1000.0,370,7400000,5,0.02428833581507206,7.799999999999994e-05,182.30899918467853,3.553538150318895,5.399853931353115e-05,19.488927125930786,11.480618000030518,30.969547986984253,-3.051757735406113e-09,-2.1362303925798187e-08
5131.311780866667,961.2520000000001,1000.0,371,7420000,1,0.020507974550127983,7.739999999999994e-05,214.7144607080819,2.8332597048709185,0.005409654045400147,19.004929304122925,2.2157490253448486,21.22068166732788,-2.2888182460434336e-09,5.340575981449547e-09
5121.649908389277,957.1560000000002,1000.0,372,7440000,2,0.025173503905534744,7.679999999999994e-05,109.78473565220452,0.6387269094633979,0.003845771896643951,18.066088676452637,4.201104640960693,22.26719617843628,0.0,-7.629394338515283e-10
5190.298005042631,968.5410000000002,1000.0,373,7460000,1,0.03711725398898125,7.619999999999994e-05,85.3148770499915,0.4985354126642306,0.01010087847459716,18.69383692741394,2.3756866455078125,21.069525003433228,4.386901952813105e-09,1.1444091230217168e-09
5237.070782325328,976.9590000000001,1000.0,374,7480000,1,0.021936262026429176,7.559999999999994e-05,50.01977242905492,0.6370137934677136,0.010999287817829523,18.600956439971924,2.254859209060669,20.855817556381226,1.5258788677030566e-09,2.6702879907247734e-09
5155.335562337244,961.9659999999998,1000.0,375,7500000,5,0.02170279435813427,7.499999999999994e-05,380.0296533023968,8.387585627290006,-0.0018991984855443143,17.769895792007446,11.600903511047363,29.370800971984863,-1.5258788677030566e-09,-2.1362303925798187e-08
5078.924260248552,946.256,1000.0,376,7520000,1,0.03861665353178978,7.439999999999994e-05,54.05795151890276,0.4564216054095247,0.0166702891935032,18.749788522720337,2.4238364696502686,21.173628091812134,-3.051757735406113e-09,-1.5258788677030566e-09
4968.737393775673,925.8019999999999,1000.0,377,7540000,4,0.022485369816422462,7.379999999999994e-05,254.29138047626606,5.473449053593908,7.642052893619091e-05,18.095031023025513,9.590848207473755,27.685882091522217,-2.2888182460434336e-09,-3.814697002724188e-09
4989.345590357285,930.25,1000.0,378,7560000,2,0.021550524979829788,7.319999999999994e-05,310.1972988573507,4.764619245315893,0.0024346965677536333,19.109009504318237,4.638103485107422,23.747114181518555,-6.103515470812226e-09,2.4414061883248905e-08
4958.270859737183,925.874,1000.0,379,7580000,2,0.02373524196445942,7.259999999999994e-05,265.98370026475703,3.770128322580752,0.004221812499643931,18.139293432235718,5.209395408630371,23.3486909866333,0.0,-8.392333938900265e-09
4962.917023872944,925.7199999999999,1000.0,380,7600000,2,0.020910967141389847,7.199999999999993e-05,236.22867151114124,5.789373698135535,0.003721488914943446,18.5952627658844,5.159900665283203,23.75516653060913,1.5258788677030566e-09,-1.831054596834747e-08
4990.560434010107,929.5550000000001,1000.0,381,7620000,1,0.036827169358730316,7.139999999999993e-05,182.8644861519908,2.6915947751115303,0.00655311490066897,17.26714515686035,2.445868968963623,19.713016033172607,-1.5258788677030566e-09,-4.577636492086867e-09
5038.105625204067,937.4989999999998,1000.0,382,7640000,1,0.021540964022278786,7.079999999999993e-05,125.90673038372978,2.899225517012441,0.00855699606007709,18.463382959365845,2.4354472160339355,20.89883327484131,0.0,-1.5258788677030566e-09
5169.486720058959,960.0229999999999,1000.0,383,7660000,1,0.025108853355050087,7.019999999999993e-05,64.75782979105989,0.5078675709783841,0.009362190174825561,19.031618356704712,2.5492587089538574,21.58087968826294,7.629394005448376e-09,3.051757735406113e-09
5244.543238747745,972.8510000000002,1000.0,384,7680000,9,0.02416617050766945,6.959999999999993e-05,135.17525111507516,2.3731549686051703,-0.002009042833108861,19.05879020690918,21.929582595825195,40.9883759021759,3.051757735406113e-09,3.051757735406113e-09
5229.872625723464,971.0530000000001,1000.0,385,7700000,7,0.023928329348564148,6.899999999999993e-05,208.02224805223403,3.2560992783767784,-0.0019272295872896352,18.398946285247803,15.702135562896729,34.101083278656006,3.051757735406113e-09,3.051757735406113e-09
5222.574776155945,969.3969999999999,1000.0,386,7720000,1,0.024945732206106186,6.839999999999993e-05,140.22434039009264,0.7597233055117792,0.007020856497791438,18.875836849212646,2.148587942123413,21.02442765235901,3.051757735406113e-09,1.5258788677030566e-09
5249.229705968117,972.934,1000.0,387,7740000,1,0.024184450507164,6.779999999999993e-05,135.52341914253114,4.113102871674699,0.0074459095292102795,19.619892120361328,2.1651206016540527,21.785014152526855,-2.6702879907247734e-09,0.0
5280.143212440862,978.3799999999999,1000.0,388,7760000,2,0.024222170934081078,6.719999999999993e-05,40.17959808465391,0.5469343746527315,0.012032265168653366,18.867462873458862,4.4275500774383545,23.29501461982727,-3.814697002724188e-09,-2.6702879907247734e-09
5275.731010642821,978.247,1000.0,389,7780000,7,0.021689018234610558,6.659999999999992e-05,152.1276503719189,1.3005943475983992,-0.0013653873191786813,18.47920799255371,16.036452293395996,34.51566195487976,-1.5258788677030566e-09,0.0
5215.147839569765,967.6400000000001,1000.0,390,7800000,4,0.021053018048405647,6.599999999999992e-05,146.66514751248465,2.5415358184435117,0.00017438759579480932,18.08380651473999,9.69434118270874,27.778149843215942,-7.629394338515283e-10,-9.918212917625624e-09
5214.884613520918,966.53,1000.0,391,7820000,1,0.027039604261517525,6.539999999999992e-05,41.53978478794281,0.5810150621226802,0.01394620679092769,18.153401851654053,2.254769802093506,20.40817356109619,1.5258788677030566e-09,-1.5258788677030566e-09
5247.934927023982,971.5759999999998,1000.0,392,7840000,3,0.02127576246857643,6.479999999999992e-05,143.13968996955944,0.6061285339034023,0.0015725588403181971,18.797980546951294,6.959656476974487,25.75763988494873,-2.2888182460434336e-09,-3.8146971692576415e-10
5272.088384256998,975.9459999999999,1000.0,393,7860000,4,0.02070675604045391,6.419999999999992e-05,133.94601198659538,1.9662771746040153,0.0005985079087709752,19.140464067459106,9.302937269210815,28.443403959274292,-3.051757735406113e-09,-4.577636492086867e-09
5258.046401644611,974.952,1000.0,394,7880000,7,0.025287630036473274,6.359999999999992e-05,240.91096145102335,2.085294552232402,-0.002627690769017885,17.418793201446533,16.587958812713623,34.00675344467163,-5.340575981449547e-09,-2.2888182460434336e-09
5266.091359259387,975.3390000000002,1000.0,395,7900000,1,0.033145081251859665,6.299999999999992e-05,127.87860194562722,0.6560759683386587,0.0076005416461073175,19.10946536064148,2.2728848457336426,21.382352113723755,0.0,-3.8146971692576415e-10
5287.893329896527,977.8249999999998,1000.0,396,7920000,2,0.02240607514977455,6.239999999999992e-05,155.3465727449606,0.6761555555053412,0.0042608613066506176,17.679349660873413,4.612398147583008,22.291749715805054,0.0,-1.9073485846288207e-10
5288.475341696193,977.984,1000.0,397,7940000,1,0.03067225031554699,6.179999999999992e-05,113.75418325430289,0.4422705589582364,0.007991247007046074,17.767274141311646,2.5276527404785156,20.294928789138794,7.629394338515283e-10,1.9073485846288207e-10
5280.381330804479,978.374,1000.0,398,7960000,5,0.025814488530158997,6.119999999999992e-05,217.05409652783086,0.8074721139459945,-0.0012313863069128494,17.922515392303467,11.673640727996826,29.596158027648926,3.051757735406113e-09,1.5258788677030566e-09
5274.426114107606,977.8549999999999,1000.0,399,7980000,2,0.03377809002995491,6.059999999999992e-05,213.34931472772226,1.5746415534053748,0.0019696818377536993,17.725104331970215,4.897223711013794,22.622329711914062,-6.866454960174906e-09,-5.340575981449547e-09
5265.793758634058,976.3620000000001,1000.0,400,8000000,2,0.020669305697083473,5.999999999999992e-05,231.70289595363238,1.3067883984349407,0.0014122197383675521,18.023869276046753,4.996846437454224,23.02071762084961,1.1444091230217168e-09,-6.103515470812226e-09
5266.464504896596,976.2569999999998,1000.0,401,8020000,1,0.028882456943392754,5.939999999999992e-05,232.50897985830093,0.5505252094885793,0.004432362572739299,18.589815855026245,2.192478895187378,20.782296419143677,-3.051757735406113e-09,-1.7166137400437265e-09
5221.215301319482,967.2639999999999,1000.0,402,8040000,10,0.021905621513724327,5.8799999999999925e-05,369.171194822415,2.0510443924429316,-0.0020724803627358555,18.397220611572266,22.105063676834106,40.502285957336426,5.340575981449547e-09,1.2969969986897922e-08
5184.6706013677995,960.5900000000001,1000.0,403,8060000,2,0.044452909380197525,5.8199999999999924e-05,235.16453358464346,0.7162253788104073,0.00383316677066679,18.35758376121521,4.902498960494995,23.260084629058838,3.814697002724188e-09,1.5258788677030566e-09
5182.769773162176,962.5790000000001,1000.0,404,8080000,3,0.02270323783159256,5.759999999999993e-05,117.20476083785962,0.45850821713796946,0.002023623521311786,19.065446853637695,6.897090673446655,25.962539196014404,1.5258788677030566e-09,5.722045615108584e-10
5269.810956234243,978.8530000000001,1000.0,405,8100000,4,0.020940443500876427,5.6999999999999935e-05,93.45350496380473,0.42206873480504314,0.0002705315734221103,19.274457693099976,9.065690279006958,28.340150117874146,8.392333938900265e-09,0.0
5266.383461304418,978.5730000000003,1000.0,406,8120000,3,0.020568637177348137,5.6399999999999934e-05,122.77646129758467,0.8419198501097381,0.000892951800879706,19.04923415184021,6.536814212799072,25.586049795150757,-3.433227480087453e-09,-2.2888182460434336e-09
5269.537139650907,977.8269999999999,1000.0,407,8140000,7,0.02691642753779888,5.579999999999994e-05,112.68885894411505,0.5348030431174841,-0.0013798269838951648,17.523955583572388,16.632364511489868,34.15632200241089,-3.433227480087453e-09,-3.814697002724188e-09
5273.993615200972,977.414,1000.0,408,8160000,4,0.024661436676979065,5.519999999999994e-05,137.51291602945176,0.4136972094472414,3.563181442110397e-05,18.476630210876465,9.49074673652649,27.967378616333008,0.0,0.0
5282.2845991074355,977.635,1000.0,409,8180000,1,0.026117436587810516,5.459999999999994e-05,42.46272033776719,0.42202073011916286,0.010638080040415445,18.33494257926941,2.471808671951294,20.806752681732178,-1.9073485846288207e-10,1.7166137400437265e-09
5283.136996269454,977.905,1000.0,410,8200000,8,0.025522524490952492,5.3999999999999944e-05,167.53387880934693,0.38274737827765487,-0.0028774667653618173,18.173019886016846,17.745182991027832,35.91820478439331,-4.577636492086867e-09,-1.1444091230217168e-09
5286.608566398605,978.1160000000002,1000.0,411,8220000,5,0.023893894627690315,5.339999999999995e-05,149.00921694600163,0.47270585370901674,-0.001475352388970292,19.79900598526001,11.451045274734497,31.25005316734314,1.5258788677030566e-09,7.629394338515283e-10
5291.012271249509,978.1179999999998,1000.0,412,8240000,1,0.022728044539690018,5.279999999999995e-05,45.58522489505073,0.317099693246162,0.009487386980352881,17.902507066726685,2.2440567016601562,20.146564960479736,4.577636492086867e-09,3.8146971692576415e-10
5289.509822791869,978.283,1000.0,413,8260000,12,0.023844514042139053,5.219999999999995e-05,101.99460027621576,0.3512847705191761,-0.005102405606318241,18.597997903823853,26.965015172958374,45.56301474571228,1.5258788677030566e-09,0.0
5287.303351938425,977.9100000000001,1000.0,414,8280000,18,0.020258888602256775,5.1599999999999946e-05,80.28978521112097,0.7549258915454223,-0.006301647256401903,18.57171607017517,40.64093470573425,59.21265411376953,-6.103515470812226e-09,-1.5258788677030566e-09
5228.044667115466,964.9970000000001,1000.0,415,8300000,15,0.021770045161247253,5.0999999999999945e-05,134.07652666053326,1.1620749711768188,-0.0035212149383863226,18.565646171569824,33.7843964099884,52.3500440120697,-1.5258788677030566e-09,4.577636492086867e-09
5246.097147595921,964.699,1000.0,416,8320000,1,0.020127441734075546,5.039999999999995e-05,70.86585699331265,0.4517012649355605,0.007579485585276311,18.271259546279907,2.2574591636657715,20.528720378875732,1.5258788677030566e-09,1.9073485846288207e-10
5287.938275890295,970.1359999999999,1000.0,417,8340000,14,0.0227202158421278,4.979999999999996e-05,111.14899221200042,1.4372274512565337,-0.005174064941120656,18.612993001937866,32.04832077026367,50.66131663322449,0.0,-3.433227480087453e-09
5237.699520954322,959.86,1000.0,418,8360000,1,0.023204507306218147,4.9199999999999956e-05,45.09740848967823,0.4560578760628502,0.011000553741098974,18.52395749092102,2.1405158042907715,20.664475202560425,7.629394338515283e-10,3.8146971692576415e-10
5242.044027093392,959.8679999999998,1000.0,419,8380000,16,0.02490844391286373,4.8599999999999955e-05,77.47762545724265,0.4636805932582044,-0.0051753140577582265,18.002137899398804,35.840842485427856,53.84298300743103,-4.577636492086867e-09,-1.5258788677030566e-09
5304.8897049851785,970.743,1000.0,420,8400000,3,0.021306555718183517,4.7999999999999954e-05,38.95994240026504,0.5291916556632557,0.0033816176752289075,18.925541162490845,6.704551696777344,25.630094289779663,-6.103515470812226e-09,0.0
5337.398832918575,978.332,1000.0,421,8420000,15,0.02039176970720291,4.739999999999996e-05,98.74172320929578,0.5687069754567518,-0.0046853938500998945,18.641167879104614,33.67894506454468,52.32011413574219,-7.820129432900558e-09,-4.768371253405235e-10
5333.290042868249,978.449,1000.0,422,8440000,1,0.02355087175965309,4.6799999999999965e-05,41.54844223729338,0.35115709800880174,0.007329543100330777,18.82664394378662,2.300436496734619,21.127081871032715,3.051757735406113e-09,-7.629394338515283e-10
5328.222164388988,978.3059999999999,1000.0,423,8460000,20,0.020019540563225746,4.619999999999997e-05,44.89440805675884,0.39281632033304664,-0.005704436063567123,18.726178407669067,46.492985248565674,65.21916508674622,4.577636492086867e-09,1.907348501362094e-09
5333.229465175503,978.3789999999999,1000.0,424,8480000,5,0.020294826477766037,4.559999999999997e-05,37.4364814545019,0.3171323158108769,0.0004772562468156647,18.276346683502197,11.04019021987915,29.316540241241455,-3.2424924967244806e-09,-7.629394338515283e-10
5336.247430105402,978.4129999999999,1000.0,425,8500000,5,0.021993089467287064,4.499999999999997e-05,49.88377938316272,0.2682116951043613,-0.00015627960838115635,17.945748329162598,12.130266427993774,30.076016187667847,-4.577636492086867e-09,-7.629394338515283e-10
5336.942707118742,978.475,1000.0,426,8520000,5,0.022488435730338097,4.439999999999997e-05,30.460424726077925,0.28009832892745445,4.911793592258002e-05,17.903247117996216,11.68226671218872,29.58551573753357,-4.577636492086867e-09,5.722045615108584e-10
5333.993656720739,978.4839999999998,1000.0,427,8540000,7,0.021665742620825768,4.379999999999997e-05,32.436434851558936,0.30503015846544507,-0.002699585865276799,18.765427589416504,16.29568099975586,35.06111025810242,0.0,1.9073485846288207e-10
5334.107387591428,978.4380000000001,1000.0,428,8560000,15,0.020526794716715813,4.3199999999999966e-05,29.132340945120944,0.27984232904431156,-0.006496237234447521,18.945472240447998,33.483542919158936,52.42901802062988,7.629394005448376e-09,2.7656554824062596e-09
5335.59427649436,978.659,1000.0,429,8580000,12,0.020280884578824043,4.259999999999997e-05,40.1808178747297,0.27926757951942494,-0.004688756691918761,19.032460927963257,27.734887838363647,46.76735019683838,-6.103515470812226e-09,1.9073485846288207e-10
5342.883321911065,978.628,1000.0,430,8600000,27,0.020185250788927078,4.199999999999997e-05,26.756109407280707,0.28694422945068115,-0.009279448824333285,17.741227626800537,61.96180248260498,79.70303177833557,6.294250454175199e-09,-7.629394338515283e-10
5352.224476678798,978.3089999999999,1000.0,431,8620000,33,0.02062634751200676,4.1399999999999976e-05,39.784839582854104,0.3125310016112356,-0.009506916052345625,18.59996008872986,73.38883447647095,91.98879766464233,3.051757735406113e-09,7.629394338515283e-10
5334.7852482753815,974.6030000000001,1000.0,432,8640000,22,0.02211107686161995,4.0799999999999975e-05,127.45008053448599,1.1274319093803178,-0.0072897715395507994,19.05720019340515,49.52806735038757,68.5852689743042,-1.5258788677030566e-09,-1.525878801089675e-08
5258.985414190349,961.1360000000001,1000.0,433,8660000,1,0.02076547220349312,4.019999999999998e-05,51.47110231539693,0.4588658777764811,0.011658560933943945,18.373661041259766,2.5264317989349365,20.900095462799072,3.814697002724188e-09,-1.5258788677030566e-09
5265.4820701809695,960.9960000000001,1000.0,434,8680000,8,0.021945826709270477,3.959999999999998e-05,137.8075236333445,0.7011686848899046,-0.003304254495540259,17.706803798675537,18.94118332862854,36.64798879623413,7.629394338515283e-10,-1.907348501362094e-09
5338.8493829672825,973.1129999999999,1000.0,435,8700000,4,0.021349932998418808,3.899999999999998e-05,72.48188691322034,0.34155303896806494,0.0011832583096836465,19.037932872772217,8.573505640029907,27.611441612243652,1.0299681996173149e-08,1.9073485846288207e-10
5329.010608137358,971.655,1000.0,436,8720000,11,0.0212749894708395,3.8399999999999985e-05,181.46205046064037,1.0889548304735004,-0.005120091428079475,17.741332292556763,25.404396057128906,43.1457302570343,3.814697002724188e-09,-1.525878801089675e-08
5271.6391853770465,961.3960000000001,1000.0,437,8740000,20,0.020429128780961037,3.7799999999999984e-05,58.66668192570964,0.3628298075387653,-0.007019556724219419,18.253528594970703,46.50877523422241,64.76230502128601,4.577636492086867e-09,-1.5258788677030566e-09
5276.067273382593,961.3389999999999,1000.0,438,8760000,11,0.020536543801426888,3.719999999999999e-05,104.29635806087835,0.35289134357406965,-0.005076386677596265,17.359230279922485,24.752779483795166,42.112011432647705,-2.6702879907247734e-09,1.9073485846288207e-10
5318.690875508565,968.6000000000001,1000.0,439,8780000,15,0.020220045000314713,3.659999999999999e-05,393.5161024666442,3.053675686862395,-0.0059647393572571684,18.48620104789734,33.97336554527283,52.45956778526306,3.051757735406113e-09,-3.051757735406113e-09
5251.191334441094,956.5840000000001,1000.0,440,8800000,2,0.020354846492409706,3.599999999999999e-05,268.776296865445,1.2627606760627164,0.0025255886448053316,17.52835249900818,4.404449462890625,21.932803869247437,-1.5258788677030566e-09,-7.629394005448376e-09
5268.772331393271,957.8490000000002,1000.0,441,8820000,1,0.022165069356560707,3.5399999999999986e-05,309.87603359100535,1.8161189773688302,0.003835581320400436,18.00147795677185,2.3086085319519043,20.310089349746704,7.629394338515283e-10,-9.155272984173735e-09
5215.83729367253,947.7520000000001,1000.0,442,8840000,18,0.02431873045861721,3.4799999999999985e-05,266.54763151391586,1.9267223441975312,-0.006519551756555386,18.842631816864014,41.523260831832886,60.365894079208374,2.2888182460434336e-09,-1.3351439953623867e-08
5221.137954102562,949.4779999999998,1000.0,443,8860000,23,0.021519217640161514,3.4199999999999984e-05,435.3793177857037,1.9038751819764166,-0.006710762542907,17.466391801834106,52.090834617614746,69.5572280883789,6.866454960174906e-09,0.0
5298.288748252312,962.2090000000001,1000.0,444,8880000,14,0.021649446338415146,3.359999999999998e-05,610.7663842862406,0.9256582498441598,-0.005814978471688929,18.199838399887085,31.281993627548218,49.481833934783936,-3.051757735406113e-09,-3.433227480087453e-09
5390.8221229155015,976.2280000000001,1000.0,445,8900000,5,0.020439593121409416,3.299999999999998e-05,794.8053713375007,0.388645222002325,-0.00146077293545579,18.26339077949524,11.001071453094482,29.26446509361267,-2.2888182460434336e-09,3.8146971692576415e-10
5403.610802340747,978.0809999999998,1000.0,446,8920000,1,0.024270372465252876,3.239999999999998e-05,472.25021861688776,0.3563235002679947,0.004527230018053573,18.919607877731323,2.2504894733428955,21.17009925842285,0.0,-1.1444091230217168e-09
5371.096942157915,972.866,1000.0,447,8940000,8,0.020898990333080292,3.179999999999998e-05,712.7364483904153,1.5236889855168498,-0.0031209789759913883,18.182254314422607,18.59879469871521,36.78105068206787,-3.814697002724188e-09,-1.0681151962899094e-08
5323.063279344358,964.3530000000001,1000.0,448,8960000,27,0.021231038495898247,3.119999999999998e-05,654.497631223988,0.4320720017957851,-0.006176749682387838,17.86863660812378,60.1906955242157,78.0593330860138,0.0,-2.2888182460434336e-09
5322.821381908539,964.5609999999999,1000.0,449,8980000,29,0.020171038806438446,3.059999999999998e-05,341.52911860493424,0.3532213102199176,-0.008117135919450357,19.201387643814087,66.36831068992615,85.56970071792603,7.629394338515283e-10,3.8146971692576415e-10
5393.014556103489,977.124,1000.0,450,9000000,40,0.017408337444067,2.9999999999999977e-05,122.80637891658198,0.26475764900541154,-0.008040348506873301,17.895346879959106,92.29957747459412,110.19492602348328,8.583068478174027e-09,7.629394338515283e-10
5380.0294546557,974.262,1000.0,451,9020000,21,0.020213555544614792,2.9399999999999976e-05,115.43714420954677,1.2844202148892574,-0.007046619559298573,18.111618041992188,47.06069493293762,65.17231488227844,-4.577636492086867e-09,-9.53674295089968e-09
5358.999789194591,971.0630000000001,1000.0,452,9040000,40,0.014935987070202827,2.8799999999999975e-05,168.13511069994004,0.35560561377114763,-0.009762072147144684,17.417638540267944,89.96476340293884,107.38240313529968,-1.5258788677030566e-09,-3.8146971692576415e-10
5374.220571846123,971.824,1000.0,453,9060000,40,0.019268948584794998,2.8199999999999974e-05,83.44489625102034,0.2580127363982863,-0.011037812684737027,18.722368955612183,91.33349871635437,110.05587100982666,9.155272984173735e-09,0.0
5410.604992936196,975.6820000000001,1000.0,454,9080000,16,0.020379601046442986,2.7599999999999973e-05,479.6787473146146,1.15713663086795,-0.005340192749039656,18.336068630218506,35.606722831726074,53.94279432296753,-4.577636492086867e-09,6.484984993448961e-09
5353.384046146173,965.82,1000.0,455,9100000,38,0.020399676635861397,2.6999999999999975e-05,359.0131781170584,0.2859290240391054,-0.00841717789412686,17.468642950057983,86.20822405815125,103.67687010765076,4.577636492086867e-09,5.722045615108584e-10
5343.456905452017,965.6349999999999,1000.0,456,9120000,21,0.021608959883451462,2.6399999999999974e-05,288.41217144841784,0.24757127353186734,-0.007575896209768671,18.56499719619751,47.7799928188324,66.34499192237854,3.8146971692576415e-10,1.9073485846288207e-10
5403.400883831778,975.4970000000001,1000.0,457,9140000,40,0.019319118931889534,2.5799999999999977e-05,206.01724906280018,0.25207854715494304,-0.00951379323368907,18.736582279205322,90.74624490737915,109.48282861709595,3.051757735406113e-09,7.629394338515283e-10
5347.022235538581,964.9899999999998,1000.0,458,9160000,40,0.014734283089637756,2.5199999999999976e-05,232.9573505552432,1.508574903225556,-0.008986145705860569,18.064322471618652,92.93925976753235,111.00358366966248,1.5258788677030566e-09,-1.3732909920349812e-08
5258.880052510067,949.249,1000.0,459,9180000,24,0.02267516776919365,2.4599999999999975e-05,331.5018813087029,1.3450372210337807,-0.007224035488131146,17.552340745925903,55.68593168258667,73.23827528953552,8.392333938900265e-09,2.0599363992346298e-08
5262.218596623958,950.378,1000.0,460,9200000,37,0.0215001180768013,2.3999999999999974e-05,751.3639419335136,0.30049196573780274,-0.008545352169953871,18.38788628578186,84.68287110328674,103.07075953483582,-3.814697002724188e-09,0.0
5320.707784283298,959.375,1000.0,461,9220000,30,0.021441960707306862,2.3399999999999972e-05,533.7788057941725,0.9319817481981045,-0.008339290171702957,17.78243112564087,69.0383894443512,86.82082200050354,-7.629394338515283e-10,-3.814697002724188e-09
5363.512951533493,965.9069999999999,1000.0,462,9240000,39,0.0205138698220253,2.279999999999997e-05,575.741448320217,1.1177834191061193,-0.01127906972452378,17.878400325775146,89.52507758140564,107.40347957611084,3.814697002724188e-09,2.7465819840699623e-08
5353.618479766066,964.86,1000.0,463,9260000,40,0.021191541105508804,2.2199999999999974e-05,1162.017312057483,0.5009861791012481,-0.008942591840254007,18.828137636184692,91.37298512458801,110.20112586021423,-3.814697002724188e-09,-7.629394338515283e-10
5337.560212166534,962.476,1000.0,464,9280000,33,0.020346185192465782,2.1599999999999976e-05,579.5165184086366,1.9643455936932035,-0.008736516336214075,19.117822647094727,73.76962757110596,92.88745331764221,-5.340575981449547e-09,-9.155272984173735e-09
5352.6193933437735,964.8040000000001,1000.0,465,9300000,40,0.016568699851632118,2.0999999999999975e-05,662.2340969926634,0.33179717485468607,-0.009257206774001329,18.605072498321533,91.7099061012268,110.3149802684784,-3.814697002724188e-09,1.9073485846288207e-10
5294.508829784709,953.7450000000001,1000.0,466,9320000,40,0.018250273540616035,2.0399999999999974e-05,776.7088263801112,1.095850028384465,-0.009213264482266927,19.184024572372437,90.95661306381226,110.14064049720764,-1.1444091230217168e-09,-3.05175760217935e-08
5349.671675767791,963.375,1000.0,467,9340000,40,0.015208804048597813,1.9799999999999973e-05,919.953806080224,0.3657439989272874,-0.010726929444725962,17.933679819107056,90.87418484687805,108.807865858078,1.5258788677030566e-09,3.8146971692576415e-10
5407.3536113580285,972.1050000000001,1000.0,468,9360000,40,0.017748558893799782,1.9199999999999975e-05,1272.1330135572452,0.288414610874729,-0.009426983445138929,18.210983991622925,90.05706310272217,108.26804971694946,-1.5258788677030566e-09,7.629394338515283e-10
5447.903701162566,978.3279999999999,1000.0,469,9380000,40,0.013176267966628075,1.8599999999999978e-05,555.4941042535221,0.24397187023140943,-0.008303304090865325,18.78878140449524,91.58750486373901,110.3762891292572,-6.103515470812226e-09,1.1444091230217168e-09
5446.760079513804,978.3530000000001,1000.0,470,9400000,40,0.013139686547219753,1.799999999999998e-05,296.3546785259399,0.24928124833007018,-0.009838882797195341,17.883235931396484,91.14035820960999,109.02359652519226,-4.577636492086867e-09,1.9073485846288207e-10
5442.5888240836375,978.7520000000001,1000.0,471,9420000,40,0.013008976355195045,1.7399999999999982e-05,53.530339322227256,0.24883721951192941,-0.011588800400525285,18.037611722946167,90.56677341461182,108.60438632965088,1.602172794434864e-08,2.479553229406406e-09
5435.935131024089,977.2009999999998,1000.0,472,9440000,40,0.012538661248981953,1.6799999999999985e-05,224.3030899030332,1.1457684956300562,-0.009222450518750766,17.76226282119751,90.55147933959961,108.31374382972717,-1.5258788677030566e-09,0.0
5437.9809872462865,976.9670000000002,1000.0,473,9460000,40,0.014735079370439053,1.6199999999999987e-05,125.87069866390655,0.3620097380571853,-0.011484089631962176,17.575993299484253,89.74210166931152,107.31809711456299,-7.629394338515283e-10,-1.9073485846288207e-10
5451.4406299445845,977.3979999999999,1000.0,474,9480000,40,0.01490468718111515,1.559999999999999e-05,124.0870151649268,0.25530615707460685,-0.009122659056131303,18.253974437713623,90.73406267166138,108.98804020881653,1.5258788677030566e-09,-5.722045615108584e-10
5467.867556518339,978.7900000000002,1000.0,475,9500000,40,0.012753340415656567,1.499999999999999e-05,60.38088031157899,0.2505632762544262,-0.01104339962059367,18.164673805236816,91.26900029182434,109.4336769580841,-6.103515470812226e-09,-8.583068700218632e-10
5475.470938377616,978.8710000000001,1000.0,476,9520000,40,0.012755095027387142,1.4399999999999991e-05,62.10676953312688,0.2792561897264121,-0.010571576444322047,19.746246814727783,91.07613611221313,110.82238578796387,2.2888182460434336e-09,1.9073485846288207e-10
5436.589182086971,972.7430000000002,1000.0,477,9540000,40,0.011561330407857895,1.3799999999999992e-05,224.5069331150847,0.7590139246382082,-0.008614368204432078,17.951740741729736,91.1742992401123,109.12604188919067,5.340575981449547e-09,-9.918212917625624e-09
5419.557960455832,969.606,1000.0,478,9560000,40,0.013086996041238308,1.3199999999999992e-05,324.7863264956794,0.28842673887388587,-0.009111969861125323,18.18386936187744,91.14552640914917,109.32939720153809,0.0,-1.3351439953623867e-09
5426.362912728536,971.3199999999999,1000.0,479,9580000,40,0.012463601306080818,1.2599999999999993e-05,168.91805107197442,0.2315276480854129,-0.009169718020051842,18.25304365158081,90.18771982192993,108.44076585769653,-3.8146971692576415e-10,3.8146971692576415e-10
5475.949449747452,979.8039999999999,1000.0,480,9600000,40,0.01243936363607645,1.1999999999999992e-05,63.86795611320593,0.2317161971233047,-0.010780416389803786,18.229873657226562,92.91363167762756,111.14350748062134,1.5258788677030566e-09,1.9073485846288207e-10
5475.692156670475,979.6109999999999,1000.0,481,9620000,40,0.011733303777873516,1.1399999999999992e-05,61.25379447815136,0.24479690041904822,-0.01108942807472784,19.02372455596924,91.20165729522705,110.22538471221924,8.392333938900265e-09,0.0
5402.011648468537,967.5150000000001,1000.0,482,9640000,40,0.010141132399439812,1.0799999999999993e-05,121.2896019867053,0.8048446196574753,-0.009430715329826068,18.875147342681885,90.17473673820496,109.04988670349121,-6.866454960174906e-09,-5.9509275729396904e-08
5378.740431974324,963.943,1000.0,483,9660000,40,0.01097206212580204,1.0199999999999994e-05,171.61057044515215,0.7077385018582637,-0.010259318485362871,19.37698245048523,92.443439245224,111.82042455673218,-3.051757735406113e-09,2.2888182460434336e-09
5394.680427514994,965.1119999999999,1000.0,484,9680000,40,0.01127609983086586,9.599999999999994e-06,252.55660782949613,0.9847229004739382,-0.0089113127283444,19.997499704360962,91.7197732925415,111.71727585792542,0.0,-4.577636492086867e-09
5452.673193429453,973.146,1000.0,485,9700000,40,0.011849547736346722,8.999999999999995e-06,330.85066127182955,0.7298739468422941,-0.00805025599625768,18.137852430343628,91.4695794582367,109.60743308067322,-3.051757735406113e-09,-1.5258788677030566e-09
5320.616108978914,951.3280000000001,1000.0,486,9720000,40,0.012491246685385704,8.399999999999996e-06,215.58874426139428,1.4842026598822957,-0.009507821268586519,19.1555597782135,91.41013836860657,110.56569981575012,1.5258788677030566e-09,5.56945778384943e-08
5298.693346184456,948.8549999999999,1000.0,487,9740000,40,0.010452562011778355,7.799999999999996e-06,677.875325692119,1.668466524820263,-0.010238148011200238,18.474161386489868,93.08036613464355,111.55452942848206,-7.629394005448376e-09,-4.577636492086867e-09
5332.047352049021,953.765,1000.0,488,9760000,40,0.012021657079458237,7.199999999999997e-06,613.06150783388,2.0446869380058,-0.009173957611651372,18.386326551437378,92.94878435134888,111.33511281013489,-4.1961669694501325e-09,-2.5177001816700795e-08
5429.606355643039,968.7,1000.0,489,9780000,40,0.010812745429575443,6.599999999999997e-06,866.0144841509505,2.064493469646373,-0.009729122551055416,18.43930149078369,91.71259331703186,110.15189695358276,-4.577636492086867e-09,6.103515470812226e-09
5420.192270338042,965.6449999999999,1000.0,490,9800000,40,0.01039753295481205,5.999999999999997e-06,493.77654932047994,3.0734660736454753,-0.009116454080369074,18.326605319976807,91.29567122459412,109.62227845191956,0.0,3.051757735406113e-09
5424.631507171108,965.7639999999999,1000.0,491,9820000,40,0.009522459469735622,5.3999999999999974e-06,272.35581223621915,2.0119096384904447,-0.009205992268576933,17.76539182662964,91.79976487159729,109.56515860557556,1.5258788677030566e-09,-9.53674295089968e-09
5453.313418889332,969.826,1000.0,492,9840000,40,0.0088363541290164,4.799999999999997e-06,389.70198913885,0.32496161172612786,-0.007925225876140803,19.097792863845825,92.3300130367279,111.4278073310852,7.629394338515283e-10,-2.6702879907247734e-09
5456.154934040011,971.3509999999999,1000.0,493,9860000,40,0.008754066191613674,4.199999999999998e-06,225.24070641293693,1.1593843238327068,-0.00790269308308431,19.19918155670166,92.70109391212463,111.9002788066864,0.0,-3.051757735406113e-09
5431.755057330594,968.2850000000001,1000.0,494,9880000,40,0.00831418763846159,3.5999999999999986e-06,165.64436763886826,0.5590521614224957,-0.009220894905902183,18.847156524658203,91.41904783248901,110.26620554924011,-6.103515470812226e-09,-7.629394338515283e-10
5430.979773176448,969.6630000000001,1000.0,495,9900000,40,0.007878156378865242,2.999999999999999e-06,486.88106348461235,0.5239738322330264,-0.006343534766858556,19.435230016708374,92.25494122505188,111.69017434120178,-6.103515470812226e-09,-7.629394338515283e-10
5490.911682365416,978.814,1000.0,496,9920000,40,0.00728384917601943,2.399999999999999e-06,782.9463397984307,0.5145345216373,-0.007324890956876222,18.394280672073364,92.39892435073853,110.79320645332336,5.340575981449547e-09,7.629394338515283e-10
5473.270357861473,973.7639999999999,1000.0,497,9940000,40,0.007339381147176027,1.7999999999999993e-06,443.1913901633729,0.7652571369664738,-0.007372440146869971,18.935067892074585,92.53799557685852,111.473064661026,-7.629394338515283e-10,1.0681151962899094e-08
5451.431374218285,968.6839999999999,1000.0,498,9960000,40,0.0068999058566987514,1.1999999999999997e-06,638.1641852515955,1.8554239529890184,-0.006672741914615809,18.687315225601196,92.84847521781921,111.53579187393188,-6.103515470812226e-09,-1.3732909920349812e-08
5425.446136402899,964.3789999999999,1000.0,499,9980000,40,0.005307080689817667,5.999999999999999e-07,624.001680635111,1.914375784736091,-0.00502837689302582,18.151185035705566,93.56302499771118,111.71421146392822,-1.5258788677030566e-09,-6.103515470812226e-09
5453.065938044941,968.975,1000.0,500,10000000,40,0.006120019592344761,0.0,632.992828843007,0.3192330519921673,-0.006196276553588125,19.31117606163025,92.65293335914612,111.96411061286926,4.386901952813105e-09,1.9073485846288207e-10
